# mean, investigation_time=50.0, imt="SA(1.1)"
lon,lat,depth,poe-0.001,poe-0.0013,poe-0.0016,poe-0.002,poe-0.0025,poe-0.0031,poe-0.0039,poe-0.0049,poe-0.0061,poe-0.0077,poe-0.0097,poe-0.0121,poe-0.0152,poe-0.0191,poe-0.024,poe-0.0301,poe-0.0378,poe-0.0474,poe-0.0595,poe-0.0747,poe-0.0937,poe-0.1176,poe-0.1476,poe-0.1852,poe-0.2324,poe-0.2916,poe-0.3659,poe-0.4592,poe-0.5762,poe-0.7231,poe-0.9073,poe-1.1386,poe-1.4287,poe-1.7929,poe-2.2498,poe-2.8231,poe-3.5426,poe-4.4454,poe-5.5784,poe-7.0
-122.64369,37.01075,0.00000,1.000000E+00,1.000000E+00,1.000000E+00,1.000000E+00,1.000000E+00,1.000000E+00,1.000000E+00,1.000000E+00,1.000000E+00,1.000000E+00,9.999997E-01,9.999965E-01,9.999667E-01,9.997590E-01,9.987231E-01,9.946745E-01,9.822811E-01,9.517869E-01,8.901759E-01,7.922926E-01,6.612101E-01,5.172469E-01,3.805975E-01,2.601997E-01,1.714889E-01,1.047256E-01,6.351802E-02,3.451528E-02,1.967879E-02,9.331192E-03,3.992011E-03,1.623680E-03,3.749297E-04,1.249922E-04,0.000000E+00,0.000000E+00,0.000000E+00,0.000000E+00,0.000000E+00,0.000000E+00
-122.64365,37.05571,0.00000,1.000000E+00,1.000000E+00,1.000000E+00,1.000000E+00,1.000000E+00,1.000000E+00,1.000000E+00,1.000000E+00,1.000000E+00,1.000000E+00,9.999997E-01,9.999965E-01,9.999680E-01,9.997751E-01,9.987921E-01,9.949507E-01,9.827768E-01,9.532586E-01,8.954406E-01,8.021260E-01,6.770071E-01,5.363498E-01,3.952862E-01,2.778338E-01,1.763421E-01,1.137445E-01,6.690662E-02,3.740739E-02,2.127052E-02,9.950167E-03,4.365444E-03,1.873243E-03,6.248047E-04,2.499688E-04,0.000000E+00,0.000000E+00,0.000000E+00,0.000000E+00,0.000000E+00,0.000000E+00
-122.64362,37.10068,0.00000,1.000000E+00,1.000000E+00,1.000000E+00,1.000000E+00,1.000000E+00,1.000000E+00,1.000000E+00,1.000000E+00,1.000000E+00,1.000000E+00,9.999996E-01,9.999961E-01,9.999641E-01,9.997600E-01,9.987193E-01,9.947255E-01,9.826428E-01,9.529420E-01,8.954275E-01,8.030883E-01,6.790997E-01,5.425671E-01,4.049590E-01,2.863588E-01,1.960756E-01,1.208063E-01,7.364709E-02,3.921056E-02,2.200430E-02,9.702623E-03,4.365444E-03,1.374055E-03,2.499688E-04,0.000000E+00,0.000000E+00,0.000000E+00,0.000000E+00,0.000000E+00,0.000000E+00,0.000000E+00
-122.64359,37.14565,0.00000,1.000000E+00,1.000000E+00,1.000000E+00,1.000000E+00,1.000000E+00,1.000000E+00,1.000000E+00,1.000000E+00,1.000000E+00,1.000000E+00,9.999997E-01,9.999968E-01,9.999709E-01,9.998013E-01,9.989328E-01,9.954947E-01,9.846976E-01,9.579018E-01,9.033105E-01,8.134862E-01,6.952459E-01,5.594032E-01,4.230502E-01,3.002275E-01,1.996851E-01,1.328124E-01,7.861287E-02,4.388301E-02,2.371429E-02,1.303924E-02,6.975557E-03,2.870871E-03,1.748470E-03,4.998750E-04,0.000000E+00,0.000000E+00,0.000000E+00,0.000000E+00,0.000000E+00,0.000000E+00
-122.64355,37.19061,0.00000,1.000000E+00,1.000000E+00,1.000000E+00,1.000000E+00,1.000000E+00,1.000000E+00,1.000000E+00,1.000000E+00,1.000000E+00,1.000000E+00,9.999997E-01,9.999965E-01,9.999685E-01,9.997909E-01,9.988999E-01,9.954289E-01,9.848063E-01,9.583780E-01,9.059567E-01,8.203060E-01,7.039198E-01,5.726385E-01,4.414996E-01,3.209089E-01,2.207123E-01,1.466837E-01,9.028599E-02,5.185705E-02,2.639539E-02,1.439538E-02,8.711830E-03,3.867502E-03,2.372182E-03,6.248047E-04,1.249922E-04,0.000000E+00,0.000000E+00,0.000000E+00,0.000000E+00,0.000000E+00
-122.64352,37.23558,0.00000,1.000000E+00,1.000000E+00,1.000000E+00,1.000000E+00,1.000000E+00,1.000000E+00,1.000000E+00,1.000000E+00,1.000000E+00,1.000000E+00,9.999997E-01,9.999967E-01,9.999706E-01,9.998036E-01,9.989712E-01,9.956935E-01,9.853765E-01,9.607969E-01,9.104425E-01,8.260739E-01,7.119511E-01,5.830337E-01,4.482306E-01,3.269092E-01,2.258580E-01,1.475366E-01,9.267086E-02,5.446086E-02,3.113016E-02,1.636462E-02,7.968085E-03,3.992011E-03,1.623680E-03,7.497188E-04,2.499688E-04,0.000000E+00,0.000000E+00,0.000000E+00,0.000000E+00,0.000000E+00
-122.64349,37.28054,0.00000,1.000000E+00,1.000000E+00,1.000000E+00,1.000000E+00,1.000000E+00,1.000000E+00,1.000000E+00,1.000000E+00,1.000000E+00,1.000000E+00,9.999997E-01,9.999965E-01,9.999702E-01,9.998050E-01,9.990152E-01,9.959514E-01,9.865866E-01,9.633467E-01,9.164554E-01,8.372028E-01,7.271273E-01,5.957109E-01,4.629290E-01,3.404022E-01,2.409025E-01,1.612772E-01,1.032696E-01,6.105652E-02,3.608292E-02,1.820721E-02,8.587912E-03,4.489890E-03,1.748470E-03,6.248047E-04,0.000000E+00,0.000000E+00,0.000000E+00,0.000000E+00,0.000000E+00,0.000000E+00
-122.64346,37.32551,0.00000,1.000000E+00,1.000000E+00,1.000000E+00,1.000000E+00,1.000000E+00,1.000000E+00,1.000000E+00,1.000000E+00,1.000000E+00,1.000000E+00,9.999996E-01,9.999959E-01,9.999664E-01,9.997913E-01,9.989499E-01,9.957321E-01,9.860758E-01,9.620790E-01,9.140401E-01,8.347424E-01,7.265469E-01,6.017299E-01,4.690036E-01,3.501411E-01,2.497697E-01,1.662945E-01,1.056204E-01,6.597307E-02,3.788857E-02,1.882064E-02,1.019765E-02,4.614321E-03,1.249219E-03,6.248047E-04,1.249922E-04,0.000000E+00,0.000000E+00,0.000000E+00,0.000000E+00,0.000000E+00
-122.64342,37.37048,0.00000,1.000000E+00,1.000000E+00,1.000000E+00,1.000000E+00,1.000000E+00,1.000000E+00,1.000000E+00,1.000000E+00,1.000000E+00,1.000000E+00,9.999996E-01,9.999958E-01,9.999651E-01,9.997779E-01,9.989049E-01,9.957166E-01,9.858724E-01,9.621926E-01,9.154785E-01,8.365707E-01,7.316934E-01,6.039639E-01,4.755997E-01,3.620529E-01,2.629687E-01,1.829051E-01,1.189360E-01,7.584456E-02,4.734266E-02,2.529947E-02,1.242220E-02,5.236243E-03,1.998001E-03,2.499688E-04,1.249922E-04,0.000000E+00,0.000000E+00,0.000000E+00,0.000000E+00,0.000000E+00
-122.64339,37.41544,0.00000,1.000000E+00,1.000000E+00,1.000000E+00,1.000000E+00,1.000000E+00,1.000000E+00,1.000000E+00,1.000000E+00,1.000000E+00,9.999999E-01,9.999995E-01,9.999954E-01,9.999629E-01,9.997793E-01,9.989233E-01,9.957112E-01,9.863481E-01,9.642873E-01,9.191674E-01,8.444246E-01,7.406301E-01,6.209170E-01,4.947111E-01,3.802103E-01,2.749394E-01,1.968791E-01,1.291191E-01,8.183210E-02,4.817587E-02,2.821919E-02,1.538049E-02,8.092081E-03,2.870871E-03,1.374055E-03,4.998750E-04,4.998750E-04,0.000000E+00,0.000000E+00,0.000000E+00,0.000000E+00
-122.64335,37.46041,0.00000,1.000000E+00,1.000000E+00,1.000000E+00,1.000000E+00,1.000000E+00,1.000000E+00,1.000000E+00,1.000000E+00,1.000000E+00,9.999999E-01,9.999995E-01,9.999956E-01,9.999653E-01,9.997892E-01,9.989869E-01,9.960705E-01,9.874433E-01,9.666559E-01,9.240078E-01,8.528790E-01,7.530329E-01,6.367359E-01,5.087244E-01,3.944542E-01,2.937246E-01,2.054664E-01,1.421920E-01,9.482320E-02,5.929435E-02,3.499790E-02,2.004635E-02,1.093972E-02,4.365444E-03,2.122744E-03,9.995002E-04,3.749297E-04,1.249922E-04,1.249922E-04,0.000000E+00,0.000000E+00
-122.64332,37.50537,0.00000,1.000000E+00,1.000000E+00,1.000000E+00,1.000000E+00,1.000000E+00,1.000000E+00,1.000000E+00,1.000000E+00,1.000000E+00,9.999999E-01,9.999995E-01,9.999956E-01,9.999658E-01,9.997912E-01,9.989989E-01,9.960617E-01,9.876256E-01,9.674629E-01,9.261984E-01,8.601591E-01,7.672115E-01,6.496245E-01,5.276334E-01,4.118363E-01,3.134835E-01,2.271150E-01,1.600182E-01,1.085224E-01,6.888734E-02,3.945073E-02,2.065863E-02,1.019765E-02,5.484903E-03,3.369311E-03,1.124367E-03,4.998750E-04,3.749297E-04,2.499688E-04,1.249922E-04,0.000000E+00
-122.64328,37.55034,0.00000,1.000000E+00,1.000000E+00,1.000000E+00,1.000000E+00,1.000000E+00,1.000000E+00,1.000000E+00,1.000000E+00,1.000000E+00,9.999999E-01,9.999994E-01,9.999947E-01,9.999614E-01,9.997785E-01,9.989624E-01,9.961208E-01,9.875371E-01,9.674345E-01,9.279305E-01,8.597214E-01,7.684015E-01,6.564766E-01,5.341423E-01,4.192878E-01,3.200595E-01,2.413767E-01,1.713853E-01,1.201466E-01,7.918856E-02,4.758079E-02,2.773317E-02,1.402571E-02,6.851421E-03,3.992011E-03,2.870871E-03,1.748470E-03,4.998750E-04,1.249922E-04,0.000000E+00,0.000000E+00
-122.64325,37.59531,0.00000,1.000000E+00,1.000000E+00,1.000000E+00,1.000000E+00,1.000000E+00,1.000000E+00,1.000000E+00,1.000000E+00,1.000000E+00,9.999999E-01,9.999995E-01,9.999949E-01,9.999633E-01,9.997890E-01,9.990305E-01,9.964069E-01,9.887428E-01,9.701143E-01,9.325588E-01,8.697110E-01,7.799719E-01,6.657530E-01,5.493774E-01,4.373655E-01,3.403197E-01,2.601997E-01,1.925507E-01,1.387539E-01,9.809853E-02,6.725647E-02,4.053074E-02,2.371429E-02,1.168124E-02,6.230509E-03,2.995505E-03,1.623680E-03,4.998750E-04,1.249922E-04,1.249922E-04,0.000000E+00
-122.64321,37.64027,0.00000,1.000000E+00,1.000000E+00,1.000000E+00,1.000000E+00,1.000000E+00,1.000000E+00,1.000000E+00,1.000000E+00,1.000000E+00,9.999999E-01,9.999993E-01,9.999941E-01,9.999584E-01,9.997665E-01,9.989451E-01,9.960999E-01,9.882482E-01,9.693769E-01,9.318044E-01,8.690415E-01,7.824333E-01,6.746569E-01,5.602835E-01,4.500209E-01,3.528162E-01,2.712139E-01,2.048703E-01,1.510458E-01,1.087453E-01,7.109611E-02,4.483865E-02,2.749008E-02,1.599569E-02,8.463977E-03,3.742978E-03,1.623680E-03,3.749297E-04,2.499688E-04,0.000000E+00,0.000000E+00
-122.64318,37.68524,0.00000,1.000000E+00,1.000000E+00,1.000000E+00,1.000000E+00,1.000000E+00,1.000000E+00,1.000000E+00,1.000000E+00,1.000000E+00,9.999999E-01,9.999993E-01,9.999940E-01,9.999581E-01,9.997719E-01,9.989879E-01,9.962761E-01,9.884866E-01,9.703636E-01,9.347236E-01,8.762510E-01,7.906243E-01,6.811390E-01,5.673711E-01,4.578025E-01,3.653934E-01,2.892965E-01,2.282735E-01,1.774738E-01,1.350858E-01,9.527568E-02,6.234669E-02,3.969084E-02,2.298180E-02,1.217527E-02,6.851421E-03,2.496878E-03,1.374055E-03,1.249922E-04,1.249922E-04,0.000000E+00
-122.64314,37.73020,0.00000,1.000000E+00,1.000000E+00,1.000000E+00,1.000000E+00,1.000000E+00,1.000000E+00,1.000000E+00,1.000000E+00,1.000000E+00,9.999999E-01,9.999991E-01,9.999930E-01,9.999521E-01,9.997395E-01,9.988673E-01,9.959937E-01,9.880721E-01,9.696133E-01,9.345930E-01,8.752882E-01,7.915123E-01,6.862394E-01,5.729589E-01,4.668753E-01,3.779595E-01,3.014510E-01,2.355701E-01,1.859634E-01,1.419775E-01,1.051731E-01,7.468864E-02,4.912722E-02,2.906912E-02,1.710207E-02,8.587912E-03,3.244724E-03,1.124367E-03,3.749297E-04,1.249922E-04,0.000000E+00
-122.64311,37.77517,0.00000,1.000000E+00,1.000000E+00,1.000000E+00,1.000000E+00,1.000000E+00,1.000000E+00,1.000000E+00,1.000000E+00,1.000000E+00,9.999999E-01,9.999990E-01,9.999922E-01,9.999490E-01,9.997374E-01,9.988808E-01,9.961309E-01,9.885627E-01,9.711566E-01,9.369136E-01,8.784130E-01,7.963546E-01,6.926829E-01,5.791589E-01,4.721800E-01,3.806749E-01,3.091793E-01,2.515493E-01,2.025810E-01,1.599132E-01,1.181647E-01,8.378113E-02,5.729323E-02,3.668518E-02,2.102581E-02,1.279247E-02,7.596003E-03,2.995505E-03,6.248047E-04,2.499688E-04,0.000000E+00
-122.64307,37.82014,0.00000,1.000000E+00,1.000000E+00,1.000000E+00,1.000000E+00,1.000000E+00,1.000000E+00,1.000000E+00,1.000000E+00,1.000000E+00,9.999999E-01,9.999988E-01,9.999913E-01,9.999454E-01,9.997191E-01,9.988297E-01,9.959811E-01,9.880228E-01,9.701666E-01,9.355184E-01,8.779562E-01,7.974209E-01,6.961208E-01,5.860975E-01,4.844392E-01,3.952106E-01,3.226045E-01,2.590892E-01,2.116988E-01,1.699339E-01,1.303157E-01,9.685756E-02,6.935278E-02,4.650872E-02,2.931182E-02,1.734776E-02,7.471945E-03,3.618438E-03,1.623680E-03,4.998750E-04,0.000000E+00
-122.64304,37.86510,0.00000,1.000000E+00,1.000000E+00,1.000000E+00,1.000000E+00,1.000000E+00,1.000000E+00,1.000000E+00,1.000000E+00,1.000000E+00,9.999999E-01,9.999987E-01,9.999910E-01,9.999439E-01,9.997168E-01,9.988315E-01,9.959881E-01,9.883054E-01,9.707463E-01,9.378062E-01,8.832242E-01,8.048038E-01,7.054334E-01,5.999337E-01,4.922418E-01,3.986782E-01,3.212484E-01,2.631530E-01,2.175889E-01,1.742804E-01,1.396147E-01,1.042778E-01,7.411014E-02,5.197556E-02,3.246144E-02,1.796173E-02,9.083494E-03,5.236243E-03,2.122744E-03,8.746173E-04,3.749297E-04
-122.64301,37.91007,0.00000,1.000000E+00,1.000000E+00,1.000000E+00,1.000000E+00,1.000000E+00,1.000000E+00,1.000000E+00,1.000000E+00,1.000000E+00,9.999998E-01,9.999985E-01,9.999899E-01,9.999405E-01,9.997041E-01,9.988123E-01,9.959981E-01,9.884130E-01,9.717278E-01,9.397197E-01,8.874941E-01,8.117765E-01,7.171603E-01,6.073651E-01,5.032284E-01,4.070380E-01,3.336898E-01,2.692983E-01,2.125851E-01,1.686879E-01,1.299895E-01,9.550183E-02,6.585630E-02,4.352440E-02,2.700370E-02,1.538049E-02,7.968085E-03,4.240981E-03,2.247471E-03,6.248047E-04,3.749297E-04
-122.64297,37.95503,0.00000,1.000000E+00,1.000000E+00,1.000000E+00,1.000000E+00,1.000000E+00,1.000000E+00,1.000000E+00,1.000000E+00,1.000000E+00,9.999998E-01,9.999982E-01,9.999877E-01,9.999298E-01,9.996666E-01,9.986752E-01,9.956794E-01,9.876426E-01,9.699683E-01,9.361121E-01,8.809397E-01,8.036537E-01,7.106519E-01,6.077085E-01,5.003638E-01,3.997296E-01,3.238734E-01,2.610315E-01,2.041742E-01,1.548575E-01,1.121922E-01,7.895833E-02,5.268632E-02,2.955447E-02,1.488806E-02,7.844074E-03,2.870871E-03,1.374055E-03,7.497188E-04,2.499688E-04,0.000000E+00
-122.64294,38.00000,0.00000,1.000000E+00,1.000000E+00,1.000000E+00,1.000000E+00,1.000000E+00,1.000000E+00,1.000000E+00,1.000000E+00,1.000000E+00,9.999998E-01,9.999979E-01,9.999864E-01,9.999250E-01,9.996542E-01,9.986747E-01,9.956681E-01,9.878737E-01,9.702930E-01,9.376661E-01,8.839663E-01,8.069633E-01,7.104710E-01,6.106396E-01,5.067554E-01,4.057024E-01,3.216724E-01,2.525778E-01,1.884019E-01,1.357343E-01,9.301104E-02,6.082176E-02,3.668518E-02,2.041376E-02,1.093972E-02,6.106280E-03,2.746222E-03,8.746173E-04,1.249922E-04,0.000000E+00,0.000000E+00
-122.58738,37.01075,0.00000,1.000000E+00,1.000000E+00,1.000000E+00,1.000000E+00,1.000000E+00,1.000000E+00,1.000000E+00,1.000000E+00,1.000000E+00,1.000000E+00,9.999998E-01,9.999977E-01,9.999778E-01,9.998351E-01,9.990733E-01,9.958618E-01,9.854439E-01,9.580960E-01,9.022776E-01,8.122934E-01,6.914897E-01,5.489829E-01,4.087403E-01,2.892965E-01,1.906307E-01,1.186055E-01,7.202455E-02,3.836950E-02,1.832993E-02,9.826402E-03,4.987521E-03,3.120122E-03,1.124367E-03,3.749297E-04,2.499688E-04,0.000000E+00,0.000000E+00,0.000000E+00,0.000000E+00,0.000000E+00
-122.58731,37.05571,0.00000,1.000000E+00,1.000000E+00,1.000000E+00,1.000000E+00,1.000000E+00,1.000000E+00,1.000000E+00,1.000000E+00,1.000000E+00,1.000000E+00,9.999998E-01,9.999977E-01,9.999779E-01,9.998341E-01,9.990561E-01,9.958515E-01,9.855238E-01,9.593447E-01,9.070088E-01,8.193601E-01,7.003080E-01,5.642776E-01,4.280050E-01,3.020620E-01,2.029796E-01,1.258471E-01,7.364709E-02,4.029084E-02,2.078103E-02,8.216063E-03,4.365444E-03,1.748470E-03,4.998750E-04,1.249922E-04,1.249922E-04,0.000000E+00,0.000000E+00,0.000000E+00,0.000000E+00,0.000000E+00
-122.58724,37.10068,0.00000,1.000000E+00,1.000000E+00,1.000000E+00,1.000000E+00,1.000000E+00,1.000000E+00,1.000000E+00,1.000000E+00,1.000000E+00,1.000000E+00,9.999998E-01,9.999980E-01,9.999800E-01,9.998504E-01,9.991644E-01,9.962859E-01,9.868225E-01,9.629921E-01,9.126865E-01,8.305166E-01,7.152803E-01,5.759377E-01,4.355339E-01,3.124529E-01,2.120928E-01,1.403672E-01,8.800886E-02,4.877058E-02,2.700370E-02,1.439538E-02,7.844074E-03,3.867502E-03,1.998001E-03,7.497188E-04,2.499688E-04,0.000000E+00,0.000000E+00,0.000000E+00,0.000000E+00,0.000000E+00
-122.58717,37.14565,0.00000,1.000000E+00,1.000000E+00,1.000000E+00,1.000000E+00,1.000000E+00,1.000000E+00,1.000000E+00,1.000000E+00,1.000000E+00,1.000000E+00,9.999998E-01,9.999980E-01,9.999805E-01,9.998600E-01,9.992142E-01,9.965565E-01,9.878463E-01,9.659142E-01,9.185589E-01,8.367137E-01,7.222753E-01,5.904720E-01,4.593591E-01,3.351873E-01,2.328900E-01,1.520003E-01,9.425730E-02,5.682176E-02,3.294509E-02,1.759340E-02,9.083494E-03,4.614321E-03,2.122744E-03,9.995002E-04,6.248047E-04,1.249922E-04,0.000000E+00,0.000000E+00,0.000000E+00,0.000000E+00
-122.58711,37.19061,0.00000,1.000000E+00,1.000000E+00,1.000000E+00,1.000000E+00,1.000000E+00,1.000000E+00,1.000000E+00,1.000000E+00,1.000000E+00,1.000000E+00,9.999998E-01,9.999979E-01,9.999797E-01,9.998537E-01,9.991973E-01,9.965279E-01,9.878858E-01,9.659568E-01,9.195404E-01,8.422115E-01,7.329983E-01,6.028237E-01,4.710572E-01,3.463936E-01,2.424191E-01,1.602281E-01,1.023724E-01,6.293254E-02,3.523912E-02,1.820721E-02,7.844074E-03,3.992011E-03,1.249219E-03,1.249922E-04,0.000000E+00,0.000000E+00,0.000000E+00,0.000000E+00,0.000000E+00,0.000000E+00
-122.58704,37.23558,0.00000,1.000000E+00,1.000000E+00,1.000000E+00,1.000000E+00,1.000000E+00,1.000000E+00,1.000000E+00,1.000000E+00,1.000000E+00,1.000000E+00,9.999998E-01,9.999977E-01,9.999785E-01,9.998474E-01,9.991770E-01,9.965197E-01,9.879492E-01,9.662027E-01,9.207680E-01,8.447161E-01,7.378923E-01,6.105910E-01,4.748125E-01,3.577322E-01,2.487374E-01,1.722135E-01,1.126360E-01,6.888734E-02,3.957079E-02,2.090343E-02,1.032137E-02,5.111889E-03,1.873243E-03,3.749297E-04,3.749297E-04,1.249922E-04,1.249922E-04,0.000000E+00,0.000000E+00,0.000000E+00
-122.58698,37.28054,0.00000,1.000000E+00,1.000000E+00,1.000000E+00,1.000000E+00,1.000000E+00,1.000000E+00,1.000000E+00,1.000000E+00,1.000000E+00,1.000000E+00,9.999998E-01,9.999975E-01,9.999777E-01,9.998469E-01,9.991708E-01,9.965357E-01,9.881849E-01,9.667142E-01,9.225985E-01,8.469897E-01,7.399809E-01,6.146584E-01,4.898242E-01,3.653934E-01,2.635213E-01,1.834156E-01,1.200366E-01,7.826729E-02,4.781887E-02,2.554311E-02,1.402571E-02,5.360581E-03,2.621558E-03,1.374055E-03,4.998750E-04,3.749297E-04,0.000000E+00,0.000000E+00,0.000000E+00,0.000000E+00
-122.58691,37.32551,0.00000,1.000000E+00,1.000000E+00,1.000000E+00,1.000000E+00,1.000000E+00,1.000000E+00,1.000000E+00,1.000000E+00,1.000000E+00,1.000000E+00,9.999998E-01,9.999976E-01,9.999794E-01,9.998579E-01,9.992473E-01,9.967715E-01,9.888437E-01,9.688284E-01,9.278584E-01,8.583824E-01,7.592509E-01,6.376882E-01,5.084172E-01,3.879859E-01,2.830506E-01,1.986841E-01,1.323787E-01,8.401015E-02,4.793788E-02,2.676042E-02,1.377919E-02,5.857776E-03,1.873243E-03,4.998750E-04,2.499688E-04,1.249922E-04,1.249922E-04,0.000000E+00,0.000000E+00,0.000000E+00
-122.58684,37.37048,0.00000,1.000000E+00,1.000000E+00,1.000000E+00,1.000000E+00,1.000000E+00,1.000000E+00,1.000000E+00,1.000000E+00,1.000000E+00,1.000000E+00,9.999998E-01,9.999974E-01,9.999778E-01,9.998506E-01,9.992316E-01,9.968271E-01,9.893931E-01,9.707463E-01,9.319832E-01,8.658437E-01,7.671824E-01,6.487475E-01,5.222893E-01,4.030966E-01,3.030210E-01,2.180778E-01,1.473235E-01,9.572793E-02,5.811774E-02,3.511852E-02,1.783897E-02,8.959621E-03,5.733500E-03,2.496878E-03,1.249219E-03,4.998750E-04,2.499688E-04,2.499688E-04,0.000000E+00,0.000000E+00
-122.58677,37.41544,0.00000,1.000000E+00,1.000000E+00,1.000000E+00,1.000000E+00,1.000000E+00,1.000000E+00,1.000000E+00,1.000000E+00,1.000000E+00,1.000000E+00,9.999998E-01,9.999973E-01,9.999774E-01,9.998522E-01,9.992310E-01,9.968347E-01,9.895301E-01,9.717278E-01,9.339439E-01,8.681051E-01,7.726467E-01,6.595544E-01,5.368133E-01,4.202307E-01,3.117650E-01,2.260515E-01,1.568623E-01,1.053968E-01,7.005051E-02,4.328525E-02,2.395833E-02,1.192829E-02,5.609209E-03,2.995505E-03,1.374055E-03,7.497188E-04,2.499688E-04,0.000000E+00,0.000000E+00,0.000000E+00
-122.58670,37.46041,0.00000,1.000000E+00,1.000000E+00,1.000000E+00,1.000000E+00,1.000000E+00,1.000000E+00,1.000000E+00,1.000000E+00,1.000000E+00,1.000000E+00,9.999997E-01,9.999971E-01,9.999756E-01,9.998480E-01,9.992197E-01,9.968689E-01,9.897361E-01,9.717702E-01,9.348215E-01,8.692214E-01,7.764511E-01,6.621827E-01,5.411354E-01,4.303596E-01,3.264883E-01,2.392877E-01,1.731442E-01,1.230015E-01,8.114321E-02,5.019635E-02,2.761163E-02,1.476491E-02,6.727270E-03,3.369311E-03,1.748470E-03,6.248047E-04,2.499688E-04,0.000000E+00,0.000000E+00,0.000000E+00
-122.58663,37.50537,0.00000,1.000000E+00,1.000000E+00,1.000000E+00,1.000000E+00,1.000000E+00,1.000000E+00,1.000000E+00,1.000000E+00,1.000000E+00,1.000000E+00,9.999996E-01,9.999967E-01,9.999744E-01,9.998428E-01,9.992122E-01,9.968740E-01,9.897271E-01,9.723222E-01,9.352599E-01,8.726097E-01,7.822157E-01,6.751040E-01,5.594582E-01,4.417090E-01,3.389991E-01,2.601072E-01,1.874883E-01,1.349777E-01,9.380431E-02,5.905915E-02,3.596242E-02,2.078103E-02,1.081608E-02,5.484903E-03,2.122744E-03,9.995002E-04,4.998750E-04,1.249922E-04,0.000000E+00,0.000000E+00
-122.58656,37.55034,0.00000,1.000000E+00,1.000000E+00,1.000000E+00,1.000000E+00,1.000000E+00,1.000000E+00,1.000000E+00,1.000000E+00,1.000000E+00,1.000000E+00,9.999996E-01,9.999962E-01,9.999708E-01,9.998252E-01,9.991669E-01,9.967582E-01,9.896252E-01,9.721034E-01,9.352923E-01,8.742394E-01,7.848403E-01,6.767648E-01,5.597335E-01,4.459498E-01,3.485144E-01,2.699374E-01,2.009846E-01,1.478562E-01,1.062909E-01,6.830522E-02,4.364395E-02,2.529947E-02,1.353260E-02,7.347872E-03,3.992011E-03,1.374055E-03,8.746173E-04,6.248047E-04,1.249922E-04,1.249922E-04
-122.58649,37.59531,0.00000,1.000000E+00,1.000000E+00,1.000000E+00,1.000000E+00,1.000000E+00,1.000000E+00,1.000000E+00,1.000000E+00,1.000000E+00,9.999999E-01,9.999996E-01,9.999962E-01,9.999718E-01,9.998322E-01,9.992119E-01,9.969611E-01,9.901583E-01,9.737214E-01,9.398853E-01,8.836032E-01,7.992108E-01,6.977120E-01,5.842828E-01,4.726416E-01,3.735116E-01,2.936363E-01,2.284664E-01,1.726273E-01,1.267208E-01,9.017227E-02,5.823547E-02,3.776830E-02,2.090343E-02,1.254564E-02,6.851421E-03,2.372182E-03,9.995002E-04,2.499688E-04,0.000000E+00,0.000000E+00
-122.58643,37.64027,0.00000,1.000000E+00,1.000000E+00,1.000000E+00,1.000000E+00,1.000000E+00,1.000000E+00,1.000000E+00,1.000000E+00,1.000000E+00,9.999999E-01,9.999995E-01,9.999959E-01,9.999698E-01,9.998254E-01,9.991746E-01,9.968445E-01,9.900146E-01,9.734838E-01,9.412227E-01,8.843718E-01,8.031129E-01,7.012804E-01,5.876468E-01,4.751407E-01,3.757785E-01,3.044136E-01,2.423244E-01,1.869804E-01,1.419775E-01,1.029332E-01,7.121222E-02,4.722357E-02,2.894775E-02,1.414895E-02,6.603103E-03,2.247471E-03,6.248047E-04,1.249922E-04,0.000000E+00,0.000000E+00
-122.58636,37.68524,0.00000,1.000000E+00,1.000000E+00,1.000000E+00,1.000000E+00,1.000000E+00,1.000000E+00,1.000000E+00,1.000000E+00,1.000000E+00,9.999999E-01,9.999995E-01,9.999958E-01,9.999700E-01,9.998258E-01,9.991880E-01,9.969527E-01,9.903507E-01,9.746221E-01,9.429456E-01,8.885718E-01,8.079261E-01,7.072687E-01,5.953064E-01,4.882914E-01,3.947569E-01,3.206542E-01,2.611239E-01,2.071530E-01,1.649386E-01,1.259564E-01,9.516259E-02,6.386913E-02,4.268712E-02,2.420231E-02,1.353260E-02,6.603103E-03,2.496878E-03,1.374055E-03,6.248047E-04,2.499688E-04
-122.58629,37.73020,0.00000,1.000000E+00,1.000000E+00,1.000000E+00,1.000000E+00,1.000000E+00,1.000000E+00,1.000000E+00,1.000000E+00,1.000000E+00,9.999999E-01,9.999995E-01,9.999955E-01,9.999678E-01,9.998145E-01,9.991667E-01,9.969194E-01,9.905217E-01,9.756598E-01,9.452033E-01,8.922563E-01,8.136261E-01,7.159202E-01,6.049528E-01,4.964766E-01,4.016773E-01,3.253087E-01,2.648090E-01,2.152382E-01,1.746931E-01,1.412264E-01,1.077420E-01,7.109611E-02,4.650872E-02,2.931182E-02,1.562662E-02,7.223782E-03,3.742978E-03,9.995002E-04,6.248047E-04,3.749297E-04
-122.58622,37.77517,0.00000,1.000000E+00,1.000000E+00,1.000000E+00,1.000000E+00,1.000000E+00,1.000000E+00,1.000000E+00,1.000000E+00,1.000000E+00,9.999999E-01,9.999993E-01,9.999948E-01,9.999645E-01,9.998094E-01,9.991452E-01,9.969359E-01,9.906195E-01,9.754643E-01,9.451073E-01,8.932216E-01,8.172023E-01,7.188171E-01,6.156686E-01,5.059532E-01,4.121303E-01,3.336065E-01,2.697549E-01,2.203226E-01,1.787067E-01,1.421920E-01,1.100812E-01,7.861287E-02,5.138286E-02,3.221953E-02,1.820721E-02,9.207350E-03,4.365444E-03,1.498876E-03,6.248047E-04,3.749297E-04
-122.58615,37.82014,0.00000,1.000000E+00,1.000000E+00,1.000000E+00,1.000000E+00,1.000000E+00,1.000000E+00,1.000000E+00,1.000000E+00,1.000000E+00,9.999999E-01,9.999992E-01,9.999935E-01,9.999567E-01,9.997731E-01,9.990422E-01,9.965890E-01,9.897400E-01,9.742964E-01,9.433719E-01,8.913366E-01,8.145788E-01,7.180428E-01,6.135489E-01,5.097672E-01,4.152085E-01,3.345222E-01,2.692070E-01,2.170019E-01,1.691035E-01,1.297720E-01,9.437050E-02,6.468789E-02,4.328525E-02,2.846210E-02,1.587268E-02,7.720046E-03,3.992011E-03,1.498876E-03,6.248047E-04,2.499688E-04
-122.58608,37.86510,0.00000,1.000000E+00,1.000000E+00,1.000000E+00,1.000000E+00,1.000000E+00,1.000000E+00,1.000000E+00,1.000000E+00,1.000000E+00,9.999999E-01,9.999991E-01,9.999933E-01,9.999581E-01,9.997863E-01,9.990804E-01,9.967480E-01,9.902951E-01,9.751526E-01,9.459988E-01,8.968556E-01,8.242601E-01,7.321290E-01,6.253451E-01,5.197147E-01,4.203032E-01,3.364327E-01,2.638895E-01,2.100219E-01,1.628483E-01,1.202566E-01,8.343748E-02,5.646800E-02,3.499790E-02,1.820721E-02,7.968085E-03,3.742978E-03,1.124367E-03,6.248047E-04,3.749297E-04,1.249922E-04
-122.58601,37.91007,0.00000,1.000000E+00,1.000000E+00,1.000000E+00,1.000000E+00,1.000000E+00,1.000000E+00,1.000000E+00,1.000000E+00,1.000000E+00,9.999999E-01,9.999990E-01,9.999926E-01,9.999549E-01,9.997736E-01,9.990602E-01,9.967223E-01,9.903218E-01,9.755867E-01,9.465829E-01,8.972802E-01,8.240402E-01,7.326977E-01,6.285626E-01,5.245531E-01,4.254252E-01,3.371788E-01,2.619546E-01,2.022819E-01,1.493462E-01,1.030454E-01,6.935278E-02,4.328525E-02,2.529947E-02,1.303924E-02,7.099677E-03,3.244724E-03,1.249219E-03,6.248047E-04,2.499688E-04,0.000000E+00
-122.58595,37.95503,0.00000,1.000000E+00,1.000000E+00,1.000000E+00,1.000000E+00,1.000000E+00,1.000000E+00,1.000000E+00,1.000000E+00,1.000000E+00,9.999999E-01,9.999988E-01,9.999918E-01,9.999495E-01,9.997486E-01,9.989527E-01,9.964029E-01,9.895680E-01,9.742321E-01,9.445764E-01,8.945349E-01,8.252677E-01,7.381544E-01,6.358721E-01,5.261550E-01,4.234107E-01,3.346885E-01,2.563055E-01,1.877930E-01,1.331376E-01,8.846474E-02,5.304149E-02,3.040323E-02,1.562662E-02,7.596003E-03,3.369311E-03,1.623680E-03,6.248047E-04,1.249922E-04,1.249922E-04,0.000000E+00
-122.58588,38.00000,0.00000,1.000000E+00,1.000000E+00,1.000000E+00,1.000000E+00,1.000000E+00,1.000000E+00,1.000000E+00,1.000000E+00,1.000000E+00,9.999998E-01,9.999987E-01,9.999911E-01,9.999466E-01,9.997404E-01,9.989831E-01,9.965817E-01,9.898990E-01,9.747833E-01,9.461808E-01,9.000290E-01,8.309186E-01,7.434034E-01,6.451287E-01,5.407911E-01,4.370841E-01,3.395772E-01,2.550029E-01,1.808598E-01,1.242066E-01,7.999392E-02,4.793788E-02,2.870495E-02,1.340928E-02,6.106280E-03,2.496878E-03,6.248047E-04,0.000000E+00,0.000000E+00,0.000000E+00,0.000000E+00
-122.53107,37.01075,0.00000,1.000000E+00,1.000000E+00,1.000000E+00,1.000000E+00,1.000000E+00,1.000000E+00,1.000000E+00,1.000000E+00,1.000000E+00,1.000000E+00,9.999999E-01,9.999986E-01,9.999847E-01,9.998808E-01,9.993011E-01,9.967880E-01,9.879583E-01,9.642158E-01,9.151186E-01,8.315725E-01,7.145319E-01,5.753012E-01,4.381385E-01,3.138267E-01,2.114031E-01,1.328124E-01,8.263514E-02,4.877058E-02,2.566491E-02,1.291586E-02,5.733500E-03,2.122744E-03,1.374055E-03,3.749297E-04,2.499688E-04,1.249922E-04,0.000000E+00,0.000000E+00,0.000000E+00,0.000000E+00
-122.53097,37.05571,0.00000,1.000000E+00,1.000000E+00,1.000000E+00,1.000000E+00,1.000000E+00,1.000000E+00,1.000000E+00,1.000000E+00,1.000000E+00,1.000000E+00,9.999999E-01,9.999988E-01,9.999874E-01,9.998990E-01,9.993901E-01,9.971793E-01,9.894143E-01,9.684876E-01,9.245662E-01,8.442690E-01,7.322630E-01,5.972241E-01,4.607764E-01,3.370959E-01,2.322184E-01,1.516822E-01,9.278426E-02,5.528785E-02,3.234049E-02,1.759340E-02,8.340027E-03,3.867502E-03,1.498876E-03,8.746173E-04,1.249922E-04,0.000000E+00,0.000000E+00,0.000000E+00,0.000000E+00,0.000000E+00
-122.53087,37.10068,0.00000,1.000000E+00,1.000000E+00,1.000000E+00,1.000000E+00,1.000000E+00,1.000000E+00,1.000000E+00,1.000000E+00,1.000000E+00,1.000000E+00,9.999999E-01,9.999989E-01,9.999885E-01,9.999089E-01,9.994410E-01,9.974307E-01,9.903652E-01,9.710881E-01,9.288347E-01,8.554854E-01,7.495197E-01,6.227133E-01,4.879075E-01,3.586147E-01,2.525778E-01,1.691035E-01,1.041659E-01,6.011711E-02,3.427387E-02,1.906590E-02,9.702623E-03,5.236243E-03,1.998001E-03,6.248047E-04,2.499688E-04,0.000000E+00,0.000000E+00,0.000000E+00,0.000000E+00,0.000000E+00
-122.53076,37.14565,0.00000,1.000000E+00,1.000000E+00,1.000000E+00,1.000000E+00,1.000000E+00,1.000000E+00,1.000000E+00,1.000000E+00,1.000000E+00,1.000000E+00,9.999999E-01,9.999987E-01,9.999866E-01,9.998991E-01,9.994195E-01,9.972708E-01,9.901003E-01,9.703673E-01,9.268962E-01,8.542883E-01,7.493944E-01,6.223831E-01,4.917338E-01,3.676106E-01,2.583479E-01,1.727307E-01,1.137445E-01,6.981799E-02,4.256745E-02,2.139286E-02,1.032137E-02,4.738736E-03,1.374055E-03,3.749297E-04,1.249922E-04,1.249922E-04,1.249922E-04,0.000000E+00,0.000000E+00,0.000000E+00
-122.53066,37.19061,0.00000,1.000000E+00,1.000000E+00,1.000000E+00,1.000000E+00,1.000000E+00,1.000000E+00,1.000000E+00,1.000000E+00,1.000000E+00,1.000000E+00,9.999999E-01,9.999987E-01,9.999869E-01,9.998999E-01,9.994215E-01,9.974082E-01,9.906043E-01,9.724947E-01,9.334549E-01,8.632533E-01,7.635752E-01,6.347324E-01,5.008631E-01,3.773371E-01,2.716692E-01,1.859634E-01,1.214654E-01,7.941873E-02,4.722357E-02,2.395833E-02,1.192829E-02,5.857776E-03,2.122744E-03,8.746173E-04,1.249922E-04,0.000000E+00,0.000000E+00,0.000000E+00,0.000000E+00,0.000000E+00
-122.53056,37.23558,0.00000,1.000000E+00,1.000000E+00,1.000000E+00,1.000000E+00,1.000000E+00,1.000000E+00,1.000000E+00,1.000000E+00,1.000000E+00,1.000000E+00,9.999999E-01,9.999984E-01,9.999843E-01,9.998854E-01,9.993498E-01,9.971609E-01,9.897476E-01,9.706731E-01,9.301130E-01,8.609435E-01,7.577718E-01,6.356900E-01,5.095834E-01,3.889796E-01,2.850195E-01,2.010844E-01,1.321618E-01,8.458247E-02,5.457905E-02,2.943315E-02,1.525741E-02,8.463977E-03,4.489890E-03,1.748470E-03,7.497188E-04,2.499688E-04,1.249922E-04,0.000000E+00,0.000000E+00,0.000000E+00
-122.53046,37.28054,0.00000,1.000000E+00,1.000000E+00,1.000000E+00,1.000000E+00,1.000000E+00,1.000000E+00,1.000000E+00,1.000000E+00,1.000000E+00,1.000000E+00,9.999999E-01,9.999985E-01,9.999855E-01,9.998917E-01,9.993809E-01,9.972596E-01,9.902805E-01,9.723049E-01,9.330962E-01,8.659946E-01,7.709637E-01,6.497997E-01,5.248501E-01,4.023500E-01,2.974228E-01,2.136671E-01,1.486015E-01,9.663175E-02,5.811774E-02,3.560084E-02,1.918851E-02,1.081608E-02,4.614321E-03,2.372182E-03,8.746173E-04,2.499688E-04,1.249922E-04,0.000000E+00,0.000000E+00,0.000000E+00
-122.53036,37.32551,0.00000,1.000000E+00,1.000000E+00,1.000000E+00,1.000000E+00,1.000000E+00,1.000000E+00,1.000000E+00,1.000000E+00,1.000000E+00,1.000000E+00,9.999999E-01,9.999985E-01,9.999858E-01,9.998974E-01,9.994218E-01,9.974670E-01,9.909059E-01,9.739079E-01,9.379693E-01,8.741450E-01,7.796140E-01,6.645392E-01,5.372762E-01,4.195055E-01,3.148552E-01,2.263417E-01,1.553855E-01,1.056204E-01,6.783925E-02,3.993088E-02,2.224876E-02,1.093972E-02,5.111889E-03,2.621558E-03,1.374055E-03,7.497188E-04,2.499688E-04,0.000000E+00,0.000000E+00,0.000000E+00
-122.53026,37.37048,0.00000,1.000000E+00,1.000000E+00,1.000000E+00,1.000000E+00,1.000000E+00,1.000000E+00,1.000000E+00,1.000000E+00,1.000000E+00,1.000000E+00,9.999999E-01,9.999985E-01,9.999862E-01,9.999055E-01,9.994698E-01,9.976865E-01,9.917228E-01,9.755041E-01,9.402224E-01,8.781086E-01,7.899690E-01,6.792602E-01,5.574160E-01,4.365913E-01,3.346054E-01,2.432709E-01,1.734542E-01,1.169514E-01,7.815207E-02,4.912722E-02,2.821919E-02,1.488806E-02,6.851421E-03,2.995505E-03,9.995002E-04,4.998750E-04,1.249922E-04,0.000000E+00,0.000000E+00,0.000000E+00
-122.53016,37.41544,0.00000,1.000000E+00,1.000000E+00,1.000000E+00,1.000000E+00,1.000000E+00,1.000000E+00,1.000000E+00,1.000000E+00,1.000000E+00,1.000000E+00,9.999998E-01,9.999979E-01,9.999818E-01,9.998785E-01,9.993544E-01,9.973222E-01,9.908293E-01,9.741579E-01,9.384712E-01,8.757240E-01,7.876459E-01,6.738833E-01,5.519610E-01,4.400316E-01,3.398248E-01,2.552823E-01,1.874883E-01,1.298807E-01,9.062707E-02,5.788224E-02,3.330767E-02,2.016883E-02,1.081608E-02,6.230509E-03,2.870871E-03,1.249219E-03,1.249922E-04,0.000000E+00,0.000000E+00,0.000000E+00
-122.53005,37.46041,0.00000,1.000000E+00,1.000000E+00,1.000000E+00,1.000000E+00,1.000000E+00,1.000000E+00,1.000000E+00,1.000000E+00,1.000000E+00,1.000000E+00,9.999998E-01,9.999981E-01,9.999833E-01,9.998890E-01,9.994159E-01,9.975585E-01,9.914761E-01,9.756598E-01,9.430169E-01,8.843862E-01,8.006613E-01,6.961588E-01,5.803146E-01,4.693353E-01,3.700564E-01,2.836776E-01,2.132738E-01,1.572838E-01,1.091908E-01,7.028297E-02,4.340483E-02,2.505576E-02,1.377919E-02,8.587912E-03,4.240981E-03,1.873243E-03,8.746173E-04,6.248047E-04,2.499688E-04,2.499688E-04
-122.52995,37.50537,0.00000,1.000000E+00,1.000000E+00,1.000000E+00,1.000000E+00,1.000000E+00,1.000000E+00,1.000000E+00,1.000000E+00,1.000000E+00,1.000000E+00,9.999998E-01,9.999980E-01,9.999829E-01,9.998868E-01,9.994143E-01,9.976023E-01,9.916114E-01,9.767017E-01,9.451622E-01,8.903679E-01,8.105727E-01,7.085830E-01,5.953064E-01,4.820492E-01,3.770257E-01,2.937246E-01,2.284664E-01,1.710745E-01,1.249725E-01,8.515443E-02,5.823547E-02,3.463595E-02,1.931110E-02,1.217527E-02,6.975557E-03,2.995505E-03,1.498876E-03,4.998750E-04,0.000000E+00,0.000000E+00
-122.52985,37.55034,0.00000,1.000000E+00,1.000000E+00,1.000000E+00,1.000000E+00,1.000000E+00,1.000000E+00,1.000000E+00,1.000000E+00,1.000000E+00,1.000000E+00,9.999998E-01,9.999977E-01,9.999806E-01,9.998776E-01,9.993688E-01,9.974661E-01,9.916019E-01,9.764823E-01,9.452307E-01,8.921216E-01,8.104542E-01,7.077074E-01,5.955087E-01,4.872670E-01,3.866073E-01,3.072770E-01,2.385266E-01,1.823942E-01,1.342205E-01,9.369103E-02,6.433708E-02,4.160953E-02,2.456817E-02,1.328595E-02,5.484903E-03,2.122744E-03,6.248047E-04,3.749297E-04,2.499688E-04,1.249922E-04
-122.52975,37.59531,0.00000,1.000000E+00,1.000000E+00,1.000000E+00,1.000000E+00,1.000000E+00,1.000000E+00,1.000000E+00,1.000000E+00,1.000000E+00,1.000000E+00,9.999998E-01,9.999974E-01,9.999796E-01,9.998734E-01,9.993747E-01,9.975237E-01,9.918215E-01,9.777825E-01,9.485425E-01,8.952182E-01,8.176587E-01,7.196944E-01,6.130172E-01,5.042210E-01,4.042147E-01,3.249713E-01,2.615855E-01,2.065581E-01,1.584417E-01,1.198166E-01,8.229106E-02,5.339653E-02,3.185654E-02,1.869798E-02,1.056875E-02,4.863136E-03,2.247471E-03,6.248047E-04,1.249922E-04,0.000000E+00
-122.52964,37.64027,0.00000,1.000000E+00,1.000000E+00,1.000000E+00,1.000000E+00,1.000000E+00,1.000000E+00,1.000000E+00,1.000000E+00,1.000000E+00,1.000000E+00,9.999997E-01,9.999973E-01,9.999797E-01,9.998737E-01,9.993821E-01,9.975894E-01,9.920920E-01,9.782524E-01,9.494542E-01,9.006643E-01,8.262912E-01,7.298762E-01,6.224775E-01,5.142203E-01,4.163770E-01,3.384204E-01,2.741232E-01,2.191522E-01,1.717995E-01,1.325956E-01,9.697045E-02,6.468789E-02,4.125007E-02,2.456817E-02,1.229874E-02,5.236243E-03,2.496878E-03,1.498876E-03,8.746173E-04,4.998750E-04
-122.52954,37.68524,0.00000,1.000000E+00,1.000000E+00,1.000000E+00,1.000000E+00,1.000000E+00,1.000000E+00,1.000000E+00,1.000000E+00,1.000000E+00,1.000000E+00,9.999996E-01,9.999967E-01,9.999751E-01,9.998522E-01,9.992951E-01,9.972547E-01,9.913017E-01,9.773337E-01,9.480514E-01,8.977286E-01,8.220495E-01,7.276044E-01,6.204428E-01,5.141596E-01,4.151354E-01,3.404022E-01,2.758451E-01,2.211992E-01,1.776794E-01,1.364902E-01,1.029332E-01,7.411014E-02,4.948373E-02,3.028203E-02,1.747059E-02,9.083494E-03,4.365444E-03,1.873243E-03,2.499688E-04,1.249922E-04
-122.52943,37.73020,0.00000,1.000000E+00,1.000000E+00,1.000000E+00,1.000000E+00,1.000000E+00,1.000000E+00,1.000000E+00,1.000000E+00,1.000000E+00,9.999999E-01,9.999996E-01,9.999966E-01,9.999750E-01,9.998567E-01,9.993322E-01,9.974553E-01,9.919110E-01,9.782088E-01,9.502378E-01,9.025095E-01,8.312775E-01,7.393951E-01,6.341841E-01,5.266286E-01,4.272895E-01,3.453307E-01,2.755735E-01,2.226581E-01,1.770625E-01,1.344369E-01,9.854937E-02,6.620654E-02,4.304604E-02,2.603022E-02,1.291586E-02,6.727270E-03,2.372182E-03,1.374055E-03,4.998750E-04,1.249922E-04
-122.52934,37.77517,0.00000,1.000000E+00,1.000000E+00,1.000000E+00,1.000000E+00,1.000000E+00,1.000000E+00,1.000000E+00,1.000000E+00,1.000000E+00,9.999999E-01,9.999995E-01,9.999961E-01,9.999727E-01,9.998416E-01,9.992889E-01,9.973548E-01,9.916396E-01,9.778158E-01,9.499821E-01,9.027772E-01,8.329563E-01,7.386448E-01,6.346867E-01,5.281056E-01,4.351104E-01,3.468020E-01,2.785556E-01,2.200301E-01,1.691035E-01,1.243160E-01,8.709641E-02,5.422445E-02,3.451528E-02,1.845263E-02,9.578828E-03,5.609209E-03,2.870871E-03,1.498876E-03,6.248047E-04,3.749297E-04
-122.52923,37.82014,0.00000,1.000000E+00,1.000000E+00,1.000000E+00,1.000000E+00,1.000000E+00,1.000000E+00,1.000000E+00,1.000000E+00,1.000000E+00,9.999999E-01,9.999994E-01,9.999954E-01,9.999675E-01,9.998233E-01,9.992252E-01,9.971725E-01,9.913958E-01,9.774523E-01,9.498193E-01,9.028015E-01,8.316777E-01,7.422461E-01,6.385476E-01,5.276925E-01,4.281480E-01,3.356858E-01,2.630609E-01,2.003851E-01,1.452959E-01,1.045017E-01,7.179253E-02,4.734266E-02,2.809771E-02,1.303924E-02,5.484903E-03,2.247471E-03,8.746173E-04,3.749297E-04,2.499688E-04,0.000000E+00
-122.52913,37.86510,0.00000,1.000000E+00,1.000000E+00,1.000000E+00,1.000000E+00,1.000000E+00,1.000000E+00,1.000000E+00,1.000000E+00,1.000000E+00,9.999999E-01,9.999993E-01,9.999949E-01,9.999665E-01,9.998171E-01,9.992076E-01,9.971377E-01,9.910982E-01,9.774129E-01,9.503559E-01,9.038648E-01,8.375890E-01,7.477602E-01,6.435282E-01,5.362339E-01,4.322789E-01,3.400723E-01,2.592744E-01,1.873868E-01,1.333543E-01,8.983102E-02,5.788224E-02,3.535971E-02,1.980133E-02,9.950167E-03,4.489890E-03,2.372182E-03,9.995002E-04,2.499688E-04,1.249922E-04,0.000000E+00
-122.52902,37.91007,0.00000,1.000000E+00,1.000000E+00,1.000000E+00,1.000000E+00,1.000000E+00,1.000000E+00,1.000000E+00,1.000000E+00,1.000000E+00,9.999999E-01,9.999992E-01,9.999944E-01,9.999640E-01,9.998078E-01,9.991716E-01,9.970784E-01,9.911448E-01,9.775704E-01,9.510828E-01,9.051183E-01,8.366116E-01,7.503324E-01,6.454390E-01,5.438803E-01,4.392612E-01,3.415555E-01,2.576987E-01,1.833135E-01,1.256286E-01,8.056875E-02,5.031507E-02,2.724692E-02,1.316261E-02,5.111889E-03,2.995505E-03,1.498876E-03,7.497188E-04,2.499688E-04,1.249922E-04,0.000000E+00
-122.52892,37.95503,0.00000,1.000000E+00,1.000000E+00,1.000000E+00,1.000000E+00,1.000000E+00,1.000000E+00,1.000000E+00,1.000000E+00,1.000000E+00,9.999999E-01,9.999992E-01,9.999940E-01,9.999628E-01,9.998105E-01,9.991695E-01,9.971093E-01,9.915587E-01,9.785922E-01,9.524928E-01,9.089640E-01,8.447743E-01,7.602419E-01,6.593416E-01,5.533031E-01,4.473332E-01,3.469653E-01,2.587186E-01,1.820876E-01,1.238781E-01,7.769103E-02,4.615109E-02,2.505576E-02,1.303924E-02,4.987521E-03,1.998001E-03,4.998750E-04,1.249922E-04,0.000000E+00,0.000000E+00,0.000000E+00
-122.52881,38.00000,0.00000,1.000000E+00,1.000000E+00,1.000000E+00,1.000000E+00,1.000000E+00,1.000000E+00,1.000000E+00,1.000000E+00,1.000000E+00,9.999999E-01,9.999989E-01,9.999926E-01,9.999543E-01,9.997766E-01,9.990860E-01,9.968927E-01,9.909501E-01,9.776208E-01,9.508805E-01,9.070785E-01,8.417968E-01,7.573779E-01,6.589155E-01,5.509518E-01,4.462960E-01,3.503847E-01,2.630609E-01,1.857599E-01,1.231111E-01,7.607558E-02,4.495804E-02,2.444623E-02,1.316261E-02,4.987521E-03,2.621558E-03,6.248047E-04,0.000000E+00,0.000000E+00,0.000000E+00,0.000000E+00
-122.47475,37.01075,0.00000,1.000000E+00,1.000000E+00,1.000000E+00,1.000000E+00,1.000000E+00,1.000000E+00,1.000000E+00,1.000000E+00,1.000000E+00,1.000000E+00,9.999999E-01,9.999992E-01,9.999912E-01,9.999237E-01,9.995220E-01,9.976854E-01,9.910603E-01,9.725873E-01,9.324576E-01,8.600542E-01,7.526621E-01,6.173463E-01,4.769091E-01,3.545129E-01,2.454434E-01,1.560187E-01,1.001255E-01,5.741106E-02,3.403242E-02,1.796173E-02,8.092081E-03,4.116504E-03,1.498876E-03,7.497188E-04,2.499688E-04,0.000000E+00,0.000000E+00,0.000000E+00,0.000000E+00,0.000000E+00
-122.47462,37.05571,0.00000,1.000000E+00,1.000000E+00,1.000000E+00,1.000000E+00,1.000000E+00,1.000000E+00,1.000000E+00,1.000000E+00,1.000000E+00,1.000000E+00,9.999999E-01,9.999992E-01,9.999914E-01,9.999283E-01,9.995331E-01,9.977447E-01,9.912635E-01,9.732274E-01,9.333383E-01,8.594933E-01,7.530020E-01,6.251578E-01,4.931930E-01,3.650760E-01,2.545372E-01,1.679602E-01,1.091908E-01,6.527228E-02,3.584190E-02,1.894328E-02,9.331192E-03,4.365444E-03,2.247471E-03,8.746173E-04,2.499688E-04,1.249922E-04,0.000000E+00,0.000000E+00,0.000000E+00,0.000000E+00
-122.47449,37.10068,0.00000,1.000000E+00,1.000000E+00,1.000000E+00,1.000000E+00,1.000000E+00,1.000000E+00,1.000000E+00,1.000000E+00,1.000000E+00,1.000000E+00,9.999999E-01,9.999993E-01,9.999920E-01,9.999338E-01,9.995720E-01,9.979109E-01,9.920741E-01,9.754980E-01,9.381319E-01,8.693522E-01,7.673569E-01,6.421441E-01,5.106244E-01,3.847644E-01,2.753018E-01,1.874883E-01,1.232207E-01,7.722976E-02,4.424149E-02,2.456817E-02,1.303924E-02,6.851421E-03,2.995505E-03,1.873243E-03,4.998750E-04,3.749297E-04,1.249922E-04,0.000000E+00,0.000000E+00,0.000000E+00
-122.47435,37.14565,0.00000,1.000000E+00,1.000000E+00,1.000000E+00,1.000000E+00,1.000000E+00,1.000000E+00,1.000000E+00,1.000000E+00,1.000000E+00,1.000000E+00,9.999999E-01,9.999993E-01,9.999923E-01,9.999360E-01,9.995936E-01,9.980460E-01,9.923343E-01,9.767134E-01,9.409945E-01,8.775283E-01,7.832206E-01,6.614217E-01,5.305179E-01,4.046614E-01,2.980373E-01,2.097256E-01,1.407969E-01,8.812284E-02,5.280472E-02,3.003957E-02,1.574966E-02,8.216063E-03,3.992011E-03,1.873243E-03,7.497188E-04,1.249922E-04,1.249922E-04,1.249922E-04,0.000000E+00,0.000000E+00
-122.47422,37.19061,0.00000,1.000000E+00,1.000000E+00,1.000000E+00,1.000000E+00,1.000000E+00,1.000000E+00,1.000000E+00,1.000000E+00,1.000000E+00,1.000000E+00,9.999999E-01,9.999992E-01,9.999920E-01,9.999344E-01,9.995927E-01,9.980475E-01,9.925376E-01,9.770457E-01,9.412301E-01,8.783522E-01,7.841669E-01,6.659618E-01,5.387200E-01,4.156470E-01,3.066705E-01,2.146494E-01,1.462569E-01,9.425730E-02,6.011711E-02,3.704635E-02,1.820721E-02,8.711830E-03,3.493882E-03,1.623680E-03,8.746173E-04,2.499688E-04,0.000000E+00,0.000000E+00,0.000000E+00,0.000000E+00
-122.47408,37.23558,0.00000,1.000000E+00,1.000000E+00,1.000000E+00,1.000000E+00,1.000000E+00,1.000000E+00,1.000000E+00,1.000000E+00,1.000000E+00,1.000000E+00,9.999999E-01,9.999992E-01,9.999915E-01,9.999319E-01,9.995796E-01,9.980268E-01,9.924833E-01,9.769940E-01,9.421918E-01,8.815927E-01,7.916685E-01,6.770475E-01,5.513445E-01,4.270031E-01,3.207391E-01,2.315463E-01,1.604380E-01,1.075189E-01,6.725647E-02,4.328525E-02,2.505576E-02,1.390246E-02,7.347872E-03,3.867502E-03,1.873243E-03,4.998750E-04,2.499688E-04,1.249922E-04,1.249922E-04,0.000000E+00
-122.47395,37.28054,0.00000,1.000000E+00,1.000000E+00,1.000000E+00,1.000000E+00,1.000000E+00,1.000000E+00,1.000000E+00,1.000000E+00,1.000000E+00,1.000000E+00,9.999999E-01,9.999991E-01,9.999907E-01,9.999291E-01,9.995751E-01,9.980567E-01,9.927109E-01,9.778656E-01,9.452238E-01,8.880553E-01,7.972689E-01,6.830068E-01,5.589623E-01,4.365913E-01,3.284219E-01,2.434601E-01,1.765480E-01,1.209162E-01,8.148772E-02,5.102706E-02,3.064560E-02,1.685631E-02,8.463977E-03,4.863136E-03,1.998001E-03,9.995002E-04,2.499688E-04,1.249922E-04,0.000000E+00,0.000000E+00
-122.47382,37.32551,0.00000,1.000000E+00,1.000000E+00,1.000000E+00,1.000000E+00,1.000000E+00,1.000000E+00,1.000000E+00,1.000000E+00,1.000000E+00,1.000000E+00,9.999999E-01,9.999990E-01,9.999901E-01,9.999253E-01,9.995656E-01,9.980352E-01,9.928032E-01,9.780447E-01,9.458501E-01,8.885300E-01,8.045352E-01,6.941774E-01,5.719970E-01,4.531058E-01,3.512774E-01,2.631530E-01,1.911364E-01,1.324872E-01,8.835079E-02,5.917676E-02,3.499790E-02,2.053620E-02,1.056875E-02,5.857776E-03,2.496878E-03,1.374055E-03,6.248047E-04,2.499688E-04,2.499688E-04,0.000000E+00
-122.47368,37.37048,0.00000,1.000000E+00,1.000000E+00,1.000000E+00,1.000000E+00,1.000000E+00,1.000000E+00,1.000000E+00,1.000000E+00,1.000000E+00,1.000000E+00,9.999999E-01,9.999989E-01,9.999900E-01,9.999248E-01,9.995760E-01,9.981155E-01,9.930421E-01,9.796439E-01,9.486197E-01,8.927132E-01,8.082859E-01,7.026960E-01,5.839189E-01,4.736295E-01,3.695050E-01,2.752112E-01,2.051684E-01,1.489207E-01,1.004629E-01,6.655665E-02,4.196886E-02,2.481199E-02,1.377919E-02,7.844074E-03,3.867502E-03,2.247471E-03,9.995002E-04,4.998750E-04,1.249922E-04,1.249922E-04
-122.47354,37.41544,0.00000,1.000000E+00,1.000000E+00,1.000000E+00,1.000000E+00,1.000000E+00,1.000000E+00,1.000000E+00,1.000000E+00,1.000000E+00,1.000000E+00,9.999999E-01,9.999989E-01,9.999896E-01,9.999264E-01,9.995928E-01,9.982001E-01,9.934021E-01,9.803637E-01,9.516965E-01,8.977669E-01,8.171108E-01,7.163105E-01,5.996836E-01,4.869464E-01,3.894377E-01,3.016256E-01,2.231438E-01,1.662945E-01,1.179442E-01,8.068366E-02,5.161999E-02,3.282420E-02,1.771619E-02,8.587912E-03,4.738736E-03,1.998001E-03,1.124367E-03,4.998750E-04,1.249922E-04,1.249922E-04
-122.47340,37.46041,0.00000,1.000000E+00,1.000000E+00,1.000000E+00,1.000000E+00,1.000000E+00,1.000000E+00,1.000000E+00,1.000000E+00,1.000000E+00,1.000000E+00,9.999999E-01,9.999988E-01,9.999889E-01,9.999216E-01,9.995769E-01,9.981699E-01,9.934465E-01,9.809107E-01,9.531240E-01,9.042366E-01,8.268332E-01,7.292001E-01,6.135006E-01,5.056443E-01,4.064448E-01,3.195494E-01,2.505195E-01,1.854545E-01,1.381077E-01,9.922520E-02,6.678998E-02,4.244776E-02,2.578669E-02,1.365590E-02,6.603103E-03,2.746222E-03,1.623680E-03,6.248047E-04,0.000000E+00,0.000000E+00
-122.47327,37.50537,0.00000,1.000000E+00,1.000000E+00,1.000000E+00,1.000000E+00,1.000000E+00,1.000000E+00,1.000000E+00,1.000000E+00,1.000000E+00,1.000000E+00,9.999999E-01,9.999986E-01,9.999874E-01,9.999152E-01,9.995436E-01,9.981261E-01,9.934136E-01,9.810770E-01,9.534917E-01,9.020820E-01,8.266383E-01,7.283525E-01,6.156686E-01,5.053971E-01,4.074826E-01,3.231124E-01,2.584406E-01,1.956735E-01,1.455096E-01,1.028211E-01,7.016674E-02,4.507741E-02,2.749008E-02,1.587268E-02,7.471945E-03,4.738736E-03,1.998001E-03,9.995002E-04,4.998750E-04,0.000000E+00
-122.47313,37.55034,0.00000,1.000000E+00,1.000000E+00,1.000000E+00,1.000000E+00,1.000000E+00,1.000000E+00,1.000000E+00,1.000000E+00,1.000000E+00,1.000000E+00,9.999999E-01,9.999985E-01,9.999865E-01,9.999117E-01,9.995391E-01,9.980479E-01,9.932486E-01,9.810320E-01,9.540809E-01,9.066944E-01,8.346804E-01,7.398833E-01,6.314762E-01,5.215722E-01,4.224007E-01,3.406495E-01,2.706671E-01,2.126835E-01,1.634759E-01,1.215752E-01,8.446804E-02,5.599612E-02,3.342849E-02,1.894328E-02,1.069243E-02,5.360581E-03,2.496878E-03,3.749297E-04,1.249922E-04,1.249922E-04
-122.47300,37.59531,0.00000,1.000000E+00,1.000000E+00,1.000000E+00,1.000000E+00,1.000000E+00,1.000000E+00,1.000000E+00,1.000000E+00,1.000000E+00,1.000000E+00,9.999998E-01,9.999983E-01,9.999858E-01,9.999087E-01,9.995277E-01,9.980219E-01,9.932671E-01,9.814331E-01,9.550127E-01,9.078650E-01,8.359773E-01,7.390692E-01,6.290730E-01,5.231842E-01,4.299322E-01,3.414732E-01,2.747581E-01,2.197376E-01,1.724204E-01,1.298807E-01,9.391758E-02,6.129123E-02,3.752771E-02,2.273752E-02,1.328595E-02,4.863136E-03,2.122744E-03,6.248047E-04,2.499688E-04,0.000000E+00
-122.47286,37.64027,0.00000,1.000000E+00,1.000000E+00,1.000000E+00,1.000000E+00,1.000000E+00,1.000000E+00,1.000000E+00,1.000000E+00,1.000000E+00,1.000000E+00,9.999998E-01,9.999981E-01,9.999847E-01,9.999017E-01,9.995019E-01,9.979481E-01,9.931636E-01,9.813517E-01,9.559971E-01,9.105097E-01,8.380755E-01,7.458295E-01,6.407099E-01,5.323920E-01,4.325627E-01,3.467204E-01,2.804469E-01,2.272116E-01,1.811669E-01,1.403672E-01,1.050612E-01,7.422587E-02,4.781887E-02,2.919048E-02,1.365590E-02,7.471945E-03,3.369311E-03,8.746173E-04,1.249922E-04,1.249922E-04
-122.47272,37.68524,0.00000,1.000000E+00,1.000000E+00,1.000000E+00,1.000000E+00,1.000000E+00,1.000000E+00,1.000000E+00,1.000000E+00,1.000000E+00,1.000000E+00,9.999998E-01,9.999979E-01,9.999829E-01,9.998928E-01,9.994726E-01,9.979077E-01,9.931121E-01,9.809726E-01,9.557876E-01,9.087589E-01,8.375890E-01,7.474131E-01,6.412932E-01,5.329178E-01,4.337672E-01,3.488401E-01,2.783752E-01,2.253740E-01,1.743836E-01,1.321618E-01,9.437050E-02,6.550593E-02,4.304604E-02,2.529947E-02,1.377919E-02,6.354723E-03,3.867502E-03,2.247471E-03,7.497188E-04,2.499688E-04
-122.47258,37.73020,0.00000,1.000000E+00,1.000000E+00,1.000000E+00,1.000000E+00,1.000000E+00,1.000000E+00,1.000000E+00,1.000000E+00,1.000000E+00,1.000000E+00,9.999997E-01,9.999973E-01,9.999794E-01,9.998752E-01,9.994091E-01,9.977621E-01,9.926035E-01,9.804323E-01,9.547306E-01,9.097232E-01,8.414008E-01,7.530329E-01,6.465895E-01,5.366396E-01,4.365209E-01,3.436099E-01,2.705759E-01,2.077474E-01,1.561242E-01,1.107483E-01,7.572903E-02,5.126428E-02,3.052443E-02,1.648757E-02,8.340027E-03,3.742978E-03,1.748470E-03,7.497188E-04,2.499688E-04,1.249922E-04
-122.47244,37.77517,0.00000,1.000000E+00,1.000000E+00,1.000000E+00,1.000000E+00,1.000000E+00,1.000000E+00,1.000000E+00,1.000000E+00,1.000000E+00,1.000000E+00,9.999996E-01,9.999971E-01,9.999782E-01,9.998711E-01,9.993898E-01,9.976798E-01,9.924692E-01,9.801490E-01,9.552091E-01,9.112561E-01,8.449682E-01,7.560703E-01,6.500185E-01,5.422811E-01,4.374358E-01,3.412262E-01,2.574202E-01,1.923488E-01,1.334626E-01,9.437050E-02,5.870623E-02,3.632386E-02,1.918851E-02,1.007392E-02,4.738736E-03,2.372182E-03,9.995002E-04,2.499688E-04,0.000000E+00,0.000000E+00
-122.47231,37.82014,0.00000,1.000000E+00,1.000000E+00,1.000000E+00,1.000000E+00,1.000000E+00,1.000000E+00,1.000000E+00,1.000000E+00,1.000000E+00,1.000000E+00,9.999996E-01,9.999970E-01,9.999776E-01,9.998710E-01,9.994092E-01,9.977467E-01,9.929449E-01,9.813097E-01,9.572335E-01,9.147997E-01,8.506929E-01,7.675314E-01,6.657948E-01,5.565854E-01,4.517369E-01,3.541093E-01,2.691156E-01,1.954724E-01,1.334626E-01,8.412465E-02,5.244946E-02,3.076676E-02,1.685631E-02,8.587912E-03,3.992011E-03,9.995002E-04,4.998750E-04,3.749297E-04,2.499688E-04,1.249922E-04
-122.47217,37.86510,0.00000,1.000000E+00,1.000000E+00,1.000000E+00,1.000000E+00,1.000000E+00,1.000000E+00,1.000000E+00,1.000000E+00,1.000000E+00,9.999999E-01,9.999995E-01,9.999960E-01,9.999724E-01,9.998469E-01,9.993188E-01,9.975144E-01,9.920811E-01,9.796515E-01,9.540752E-01,9.112117E-01,8.470280E-01,7.622415E-01,6.604894E-01,5.521290E-01,4.444935E-01,3.411438E-01,2.519235E-01,1.791173E-01,1.221241E-01,7.572903E-02,4.304604E-02,2.224876E-02,1.069243E-02,4.365444E-03,1.623680E-03,4.998750E-04,1.249922E-04,0.000000E+00,0.000000E+00,0.000000E+00
-122.47203,37.91007,0.00000,1.000000E+00,1.000000E+00,1.000000E+00,1.000000E+00,1.000000E+00,1.000000E+00,1.000000E+00,1.000000E+00,1.000000E+00,9.999999E-01,9.999995E-01,9.999958E-01,9.999714E-01,9.998429E-01,9.993150E-01,9.975178E-01,9.924532E-01,9.804274E-01,9.568468E-01,9.173694E-01,8.565652E-01,7.740067E-01,6.740463E-01,5.690443E-01,4.584799E-01,3.522497E-01,2.614009E-01,1.833135E-01,1.226726E-01,7.364709E-02,4.376349E-02,2.298180E-02,1.019765E-02,5.111889E-03,2.746222E-03,1.498876E-03,8.746173E-04,0.000000E+00,0.000000E+00,0.000000E+00
-122.47189,37.95503,0.00000,1.000000E+00,1.000000E+00,1.000000E+00,1.000000E+00,1.000000E+00,1.000000E+00,1.000000E+00,1.000000E+00,1.000000E+00,9.999999E-01,9.999993E-01,9.999953E-01,9.999695E-01,9.998381E-01,9.992790E-01,9.974464E-01,9.922853E-01,9.806536E-01,9.574680E-01,9.177918E-01,8.567444E-01,7.741197E-01,6.767648E-01,5.736523E-01,4.686716E-01,3.635663E-01,2.672861E-01,1.891117E-01,1.272665E-01,7.930366E-02,4.877058E-02,2.688207E-02,1.353260E-02,6.478921E-03,2.621558E-03,7.497188E-04,2.499688E-04,1.249922E-04,0.000000E+00,0.000000E+00
-122.47175,38.00000,0.00000,1.000000E+00,1.000000E+00,1.000000E+00,1.000000E+00,1.000000E+00,1.000000E+00,1.000000E+00,1.000000E+00,1.000000E+00,9.999999E-01,9.999992E-01,9.999940E-01,9.999629E-01,9.998102E-01,9.991825E-01,9.971630E-01,9.916761E-01,9.792845E-01,9.543499E-01,9.128500E-01,8.529342E-01,7.748244E-01,6.770071E-01,5.739186E-01,4.686052E-01,3.648379E-01,2.723972E-01,1.932569E-01,1.298807E-01,8.618305E-02,5.090844E-02,2.639539E-02,1.316261E-02,7.223782E-03,2.746222E-03,1.498876E-03,3.749297E-04,0.000000E+00,0.000000E+00,0.000000E+00
-122.41844,37.01075,0.00000,1.000000E+00,1.000000E+00,1.000000E+00,1.000000E+00,1.000000E+00,1.000000E+00,1.000000E+00,1.000000E+00,1.000000E+00,1.000000E+00,1.000000E+00,9.999996E-01,9.999949E-01,9.999530E-01,9.996776E-01,9.983548E-01,9.931636E-01,9.782741E-01,9.428314E-01,8.766834E-01,7.800269E-01,6.546683E-01,5.218114E-01,3.888269E-01,2.750300E-01,1.840278E-01,1.189360E-01,7.584456E-02,4.424149E-02,2.529947E-02,1.390246E-02,6.106280E-03,2.995505E-03,1.623680E-03,6.248047E-04,1.249922E-04,0.000000E+00,0.000000E+00,0.000000E+00,0.000000E+00
-122.41827,37.05571,0.00000,1.000000E+00,1.000000E+00,1.000000E+00,1.000000E+00,1.000000E+00,1.000000E+00,1.000000E+00,1.000000E+00,1.000000E+00,1.000000E+00,1.000000E+00,9.999995E-01,9.999944E-01,9.999490E-01,9.996549E-01,9.982726E-01,9.930456E-01,9.783067E-01,9.431592E-01,8.781695E-01,7.778994E-01,6.582326E-01,5.241368E-01,4.000296E-01,2.893854E-01,2.006849E-01,1.357343E-01,8.217634E-02,4.841380E-02,2.943315E-02,1.451857E-02,7.099677E-03,2.870871E-03,1.249219E-03,3.749297E-04,1.249922E-04,1.249922E-04,0.000000E+00,0.000000E+00,0.000000E+00
-122.41811,37.10068,0.00000,1.000000E+00,1.000000E+00,1.000000E+00,1.000000E+00,1.000000E+00,1.000000E+00,1.000000E+00,1.000000E+00,1.000000E+00,1.000000E+00,1.000000E+00,9.999996E-01,9.999950E-01,9.999539E-01,9.996881E-01,9.984090E-01,9.935915E-01,9.795240E-01,9.478040E-01,8.877891E-01,7.936642E-01,6.724534E-01,5.457579E-01,4.220397E-01,3.075367E-01,2.182732E-01,1.459367E-01,9.278426E-02,5.635005E-02,3.209855E-02,1.722492E-02,8.711830E-03,3.618438E-03,1.998001E-03,1.124367E-03,1.249922E-04,0.000000E+00,0.000000E+00,0.000000E+00,0.000000E+00
-122.41794,37.14565,0.00000,1.000000E+00,1.000000E+00,1.000000E+00,1.000000E+00,1.000000E+00,1.000000E+00,1.000000E+00,1.000000E+00,1.000000E+00,1.000000E+00,1.000000E+00,9.999996E-01,9.999948E-01,9.999545E-01,9.996983E-01,9.984736E-01,9.938227E-01,9.802727E-01,9.493657E-01,8.912414E-01,7.999624E-01,6.822134E-01,5.489829E-01,4.226173E-01,3.141697E-01,2.245021E-01,1.559132E-01,1.032696E-01,6.620654E-02,3.957079E-02,2.004635E-02,1.155769E-02,5.609209E-03,2.995505E-03,1.374055E-03,4.998750E-04,1.249922E-04,0.000000E+00,0.000000E+00,0.000000E+00
-122.41777,37.19061,0.00000,1.000000E+00,1.000000E+00,1.000000E+00,1.000000E+00,1.000000E+00,1.000000E+00,1.000000E+00,1.000000E+00,1.000000E+00,1.000000E+00,1.000000E+00,9.999996E-01,9.999950E-01,9.999561E-01,9.997195E-01,9.986038E-01,9.943579E-01,9.817575E-01,9.522488E-01,8.963904E-01,8.113760E-01,6.991820E-01,5.748231E-01,4.524218E-01,3.366815E-01,2.443107E-01,1.710745E-01,1.161784E-01,7.619106E-02,4.769984E-02,2.797621E-02,1.611868E-02,7.720046E-03,4.240981E-03,2.496878E-03,1.124367E-03,4.998750E-04,1.249922E-04,1.249922E-04,0.000000E+00
-122.41760,37.23558,0.00000,1.000000E+00,1.000000E+00,1.000000E+00,1.000000E+00,1.000000E+00,1.000000E+00,1.000000E+00,1.000000E+00,1.000000E+00,1.000000E+00,9.999999E-01,9.999995E-01,9.999941E-01,9.999503E-01,9.996799E-01,9.984082E-01,9.938512E-01,9.807501E-01,9.514300E-01,8.961959E-01,8.129025E-01,7.019145E-01,5.798947E-01,4.590211E-01,3.521687E-01,2.604771E-01,1.862686E-01,1.305331E-01,8.789485E-02,5.976459E-02,3.644432E-02,2.078103E-02,1.266906E-02,6.603103E-03,2.496878E-03,7.497188E-04,4.998750E-04,1.249922E-04,0.000000E+00,0.000000E+00
-122.41743,37.28054,0.00000,1.000000E+00,1.000000E+00,1.000000E+00,1.000000E+00,1.000000E+00,1.000000E+00,1.000000E+00,1.000000E+00,1.000000E+00,1.000000E+00,9.999999E-01,9.999995E-01,9.999942E-01,9.999521E-01,9.996912E-01,9.985128E-01,9.941853E-01,9.820470E-01,9.539832E-01,9.000040E-01,8.194278E-01,7.107966E-01,5.932779E-01,4.774972E-01,3.685585E-01,2.784654E-01,2.072521E-01,1.491335E-01,1.045017E-01,6.958541E-02,4.364395E-02,2.542130E-02,1.501119E-02,7.720046E-03,4.116504E-03,1.374055E-03,6.248047E-04,3.749297E-04,2.499688E-04,1.249922E-04
-122.41727,37.32551,0.00000,1.000000E+00,1.000000E+00,1.000000E+00,1.000000E+00,1.000000E+00,1.000000E+00,1.000000E+00,1.000000E+00,1.000000E+00,1.000000E+00,9.999999E-01,9.999994E-01,9.999938E-01,9.999502E-01,9.996958E-01,9.985391E-01,9.943720E-01,9.827876E-01,9.556658E-01,9.047619E-01,8.239743E-01,7.209181E-01,6.051503E-01,4.882275E-01,3.849182E-01,2.973350E-01,2.244052E-01,1.665028E-01,1.183852E-01,8.079857E-02,5.327820E-02,3.354931E-02,1.906590E-02,1.192829E-02,6.478921E-03,3.742978E-03,1.374055E-03,6.248047E-04,2.499688E-04,0.000000E+00
-122.41710,37.37048,0.00000,1.000000E+00,1.000000E+00,1.000000E+00,1.000000E+00,1.000000E+00,1.000000E+00,1.000000E+00,1.000000E+00,1.000000E+00,1.000000E+00,9.999999E-01,9.999994E-01,9.999937E-01,9.999501E-01,9.996975E-01,9.985846E-01,9.946485E-01,9.832712E-01,9.572549E-01,9.094294E-01,8.322239E-01,7.318611E-01,6.184926E-01,5.041590E-01,3.986030E-01,3.110765E-01,2.367159E-01,1.724204E-01,1.271574E-01,8.960345E-02,5.823547E-02,3.788857E-02,2.102581E-02,1.069243E-02,5.484903E-03,2.496878E-03,1.374055E-03,4.998750E-04,3.749297E-04,0.000000E+00
-122.41693,37.41544,0.00000,1.000000E+00,1.000000E+00,1.000000E+00,1.000000E+00,1.000000E+00,1.000000E+00,1.000000E+00,1.000000E+00,1.000000E+00,1.000000E+00,9.999999E-01,9.999992E-01,9.999923E-01,9.999418E-01,9.996574E-01,9.984540E-01,9.943176E-01,9.829674E-01,9.567875E-01,9.094746E-01,8.349901E-01,7.397532E-01,6.321666E-01,5.232438E-01,4.242749E-01,3.395772E-01,2.623236E-01,1.964774E-01,1.431565E-01,1.001255E-01,6.912009E-02,4.352440E-02,2.773317E-02,1.673342E-02,8.587912E-03,4.365444E-03,2.621558E-03,1.374055E-03,3.749297E-04,2.499688E-04
-122.41676,37.46041,0.00000,1.000000E+00,1.000000E+00,1.000000E+00,1.000000E+00,1.000000E+00,1.000000E+00,1.000000E+00,1.000000E+00,1.000000E+00,1.000000E+00,9.999999E-01,9.999992E-01,9.999920E-01,9.999415E-01,9.996606E-01,9.984816E-01,9.943826E-01,9.832419E-01,9.579964E-01,9.118531E-01,8.392251E-01,7.419559E-01,6.334975E-01,5.242558E-01,4.245627E-01,3.415555E-01,2.736694E-01,2.133721E-01,1.633714E-01,1.222338E-01,8.389565E-02,5.256789E-02,2.943315E-02,1.488806E-02,8.711830E-03,3.493882E-03,1.623680E-03,1.249219E-03,9.995002E-04,3.749297E-04
-122.41659,37.50537,0.00000,1.000000E+00,1.000000E+00,1.000000E+00,1.000000E+00,1.000000E+00,1.000000E+00,1.000000E+00,1.000000E+00,1.000000E+00,1.000000E+00,9.999999E-01,9.999990E-01,9.999909E-01,9.999347E-01,9.996400E-01,9.984332E-01,9.944287E-01,9.837108E-01,9.585544E-01,9.138896E-01,8.447355E-01,7.544795E-01,6.468545E-01,5.394114E-01,4.386300E-01,3.531398E-01,2.817948E-01,2.177845E-01,1.695188E-01,1.248631E-01,8.914813E-02,5.717539E-02,3.234049E-02,1.820721E-02,9.455018E-03,3.992011E-03,1.998001E-03,7.497188E-04,2.499688E-04,0.000000E+00
-122.41642,37.55034,0.00000,1.000000E+00,1.000000E+00,1.000000E+00,1.000000E+00,1.000000E+00,1.000000E+00,1.000000E+00,1.000000E+00,1.000000E+00,1.000000E+00,9.999999E-01,9.999989E-01,9.999896E-01,9.999278E-01,9.996061E-01,9.983368E-01,9.942151E-01,9.832252E-01,9.585596E-01,9.126756E-01,8.445801E-01,7.538342E-01,6.483961E-01,5.388929E-01,4.370137E-01,3.516827E-01,2.794569E-01,2.226581E-01,1.765480E-01,1.359503E-01,9.584095E-02,6.643996E-02,4.340483E-02,2.334811E-02,1.205179E-02,5.609209E-03,2.746222E-03,9.995002E-04,1.249922E-04,0.000000E+00
-122.41624,37.59531,0.00000,1.000000E+00,1.000000E+00,1.000000E+00,1.000000E+00,1.000000E+00,1.000000E+00,1.000000E+00,1.000000E+00,1.000000E+00,1.000000E+00,9.999999E-01,9.999989E-01,9.999903E-01,9.999329E-01,9.996344E-01,9.984373E-01,9.945751E-01,9.841724E-01,9.610119E-01,9.193994E-01,8.545794E-01,7.661324E-01,6.621404E-01,5.556977E-01,4.519425E-01,3.637254E-01,2.896518E-01,2.323144E-01,1.810645E-01,1.360583E-01,1.041659E-01,7.364709E-02,4.650872E-02,3.064560E-02,1.685631E-02,8.711830E-03,4.365444E-03,1.623680E-03,4.998750E-04,0.000000E+00
-122.41608,37.64027,0.00000,1.000000E+00,1.000000E+00,1.000000E+00,1.000000E+00,1.000000E+00,1.000000E+00,1.000000E+00,1.000000E+00,1.000000E+00,1.000000E+00,9.999999E-01,9.999985E-01,9.999873E-01,9.999188E-01,9.995743E-01,9.982831E-01,9.941897E-01,9.833838E-01,9.598798E-01,9.185080E-01,8.537408E-01,7.670951E-01,6.639096E-01,5.580241E-01,4.566491E-01,3.638049E-01,2.858234E-01,2.211019E-01,1.683761E-01,1.282477E-01,8.994478E-02,5.882388E-02,3.752771E-02,2.456817E-02,1.192829E-02,6.106280E-03,1.873243E-03,7.497188E-04,3.749297E-04,2.499688E-04
-122.41590,37.68524,0.00000,1.000000E+00,1.000000E+00,1.000000E+00,1.000000E+00,1.000000E+00,1.000000E+00,1.000000E+00,1.000000E+00,1.000000E+00,1.000000E+00,9.999998E-01,9.999985E-01,9.999875E-01,9.999196E-01,9.995915E-01,9.982851E-01,9.942619E-01,9.839010E-01,9.613516E-01,9.216446E-01,8.586124E-01,7.751901E-01,6.784573E-01,5.678576E-01,4.611133E-01,3.633276E-01,2.808066E-01,2.103180E-01,1.528479E-01,1.076305E-01,7.179253E-02,4.579334E-02,2.627368E-02,1.291586E-02,6.106280E-03,2.621558E-03,8.746173E-04,6.248047E-04,2.499688E-04,0.000000E+00
-122.41573,37.73020,0.00000,1.000000E+00,1.000000E+00,1.000000E+00,1.000000E+00,1.000000E+00,1.000000E+00,1.000000E+00,1.000000E+00,1.000000E+00,1.000000E+00,9.999998E-01,9.999983E-01,9.999863E-01,9.999144E-01,9.995632E-01,9.982698E-01,9.941218E-01,9.838708E-01,9.616404E-01,9.213895E-01,8.609957E-01,7.802742E-01,6.793002E-01,5.695826E-01,4.609112E-01,3.605360E-01,2.758451E-01,1.981831E-01,1.361663E-01,9.403083E-02,6.011711E-02,3.487727E-02,1.783897E-02,7.844074E-03,3.369311E-03,1.748470E-03,7.497188E-04,3.749297E-04,1.249922E-04,0.000000E+00
-122.41556,37.77517,0.00000,1.000000E+00,1.000000E+00,1.000000E+00,1.000000E+00,1.000000E+00,1.000000E+00,1.000000E+00,1.000000E+00,1.000000E+00,1.000000E+00,9.999998E-01,9.999978E-01,9.999833E-01,9.998984E-01,9.994965E-01,9.980379E-01,9.937599E-01,9.831136E-01,9.608361E-01,9.212026E-01,8.617235E-01,7.796967E-01,6.800610E-01,5.758317E-01,4.664086E-01,3.623719E-01,2.686587E-01,1.903272E-01,1.247537E-01,7.884319E-02,4.543544E-02,2.469009E-02,1.254564E-02,6.354723E-03,3.120122E-03,6.248047E-04,3.749297E-04,0.000000E+00,0.000000E+00,0.000000E+00
-122.41538,37.82014,0.00000,1.000000E+00,1.000000E+00,1.000000E+00,1.000000E+00,1.000000E+00,1.000000E+00,1.000000E+00,1.000000E+00,1.000000E+00,1.000000E+00,9.999997E-01,9.999975E-01,9.999816E-01,9.998942E-01,9.994960E-01,9.980355E-01,9.936290E-01,9.830989E-01,9.613709E-01,9.233496E-01,8.644446E-01,7.852434E-01,6.847061E-01,5.748231E-01,4.639351E-01,3.556415E-01,2.613086E-01,1.816785E-01,1.202566E-01,7.318379E-02,3.836950E-02,1.943368E-02,8.463977E-03,3.867502E-03,1.623680E-03,8.746173E-04,2.499688E-04,0.000000E+00,0.000000E+00,0.000000E+00
-122.41521,37.86510,0.00000,1.000000E+00,1.000000E+00,1.000000E+00,1.000000E+00,1.000000E+00,1.000000E+00,1.000000E+00,1.000000E+00,1.000000E+00,1.000000E+00,9.999996E-01,9.999970E-01,9.999791E-01,9.998820E-01,9.994524E-01,9.979609E-01,9.934873E-01,9.826667E-01,9.611870E-01,9.223466E-01,8.632362E-01,7.827594E-01,6.850606E-01,5.783691E-01,4.686716E-01,3.571700E-01,2.637054E-01,1.796301E-01,1.189360E-01,7.097999E-02,3.584190E-02,1.857531E-02,7.720046E-03,3.244724E-03,1.124367E-03,2.499688E-04,2.499688E-04,1.249922E-04,0.000000E+00,0.000000E+00
-122.41504,37.91007,0.00000,1.000000E+00,1.000000E+00,1.000000E+00,1.000000E+00,1.000000E+00,1.000000E+00,1.000000E+00,1.000000E+00,1.000000E+00,9.999999E-01,9.999996E-01,9.999966E-01,9.999760E-01,9.998649E-01,9.993898E-01,9.977974E-01,9.932452E-01,9.822834E-01,9.602044E-01,9.220061E-01,8.619825E-01,7.849748E-01,6.888173E-01,5.794744E-01,4.680735E-01,3.635663E-01,2.717603E-01,1.914397E-01,1.254099E-01,7.699904E-02,4.436095E-02,2.102581E-02,9.455018E-03,5.111889E-03,1.498876E-03,4.998750E-04,2.499688E-04,0.000000E+00,0.000000E+00,0.000000E+00
-122.41486,37.95503,0.00000,1.000000E+00,1.000000E+00,1.000000E+00,1.000000E+00,1.000000E+00,1.000000E+00,1.000000E+00,1.000000E+00,1.000000E+00,9.999999E-01,9.999995E-01,9.999958E-01,9.999724E-01,9.998490E-01,9.993303E-01,9.976038E-01,9.927346E-01,9.811242E-01,9.586786E-01,9.207680E-01,8.630138E-01,7.852434E-01,6.937566E-01,5.853726E-01,4.732346E-01,3.714722E-01,2.778338E-01,2.005849E-01,1.327040E-01,8.709641E-02,5.067113E-02,3.076676E-02,1.624166E-02,7.471945E-03,3.493882E-03,1.623680E-03,6.248047E-04,1.249922E-04,1.249922E-04,0.000000E+00
-122.41469,38.00000,0.00000,1.000000E+00,1.000000E+00,1.000000E+00,1.000000E+00,1.000000E+00,1.000000E+00,1.000000E+00,1.000000E+00,1.000000E+00,9.999999E-01,9.999994E-01,9.999952E-01,9.999696E-01,9.998390E-01,9.993080E-01,9.975191E-01,9.925905E-01,9.809154E-01,9.582998E-01,9.201316E-01,8.633729E-01,7.865548E-01,6.916053E-01,5.874921E-01,4.837943E-01,3.809071E-01,2.890300E-01,2.087371E-01,1.475366E-01,1.004629E-01,6.457097E-02,4.089047E-02,2.261535E-02,1.069243E-02,4.365444E-03,1.249219E-03,4.998750E-04,3.749297E-04,1.249922E-04,0.000000E+00
-122.36213,37.01075,0.00000,1.000000E+00,1.000000E+00,1.000000E+00,1.000000E+00,1.000000E+00,1.000000E+00,1.000000E+00,1.000000E+00,1.000000E+00,1.000000E+00,1.000000E+00,9.999998E-01,9.999977E-01,9.999751E-01,9.998062E-01,9.988903E-01,9.950581E-01,9.831684E-01,9.539660E-01,8.970488E-01,8.073490E-01,6.921446E-01,5.607229E-01,4.295045E-01,3.157966E-01,2.185663E-01,1.512580E-01,9.584095E-02,6.304966E-02,3.800882E-02,2.188204E-02,1.217527E-02,7.223782E-03,4.240981E-03,2.122744E-03,7.497188E-04,2.499688E-04,1.249922E-04,0.000000E+00,0.000000E+00
-122.36193,37.05571,0.00000,1.000000E+00,1.000000E+00,1.000000E+00,1.000000E+00,1.000000E+00,1.000000E+00,1.000000E+00,1.000000E+00,1.000000E+00,1.000000E+00,1.000000E+00,9.999998E-01,9.999977E-01,9.999757E-01,9.998139E-01,9.989421E-01,9.953097E-01,9.838466E-01,9.557821E-01,9.014435E-01,8.125747E-01,6.995954E-01,5.688826E-01,4.413600E-01,3.237044E-01,2.325063E-01,1.598081E-01,1.046137E-01,6.667332E-02,4.196886E-02,2.493389E-02,1.402571E-02,6.603103E-03,3.493882E-03,1.748470E-03,3.749297E-04,2.499688E-04,1.249922E-04,0.000000E+00,0.000000E+00
-122.36173,37.10068,0.00000,1.000000E+00,1.000000E+00,1.000000E+00,1.000000E+00,1.000000E+00,1.000000E+00,1.000000E+00,1.000000E+00,1.000000E+00,1.000000E+00,1.000000E+00,9.999998E-01,9.999967E-01,9.999692E-01,9.997814E-01,9.988279E-01,9.951207E-01,9.835182E-01,9.554659E-01,9.025338E-01,8.171566E-01,7.078900E-01,5.849059E-01,4.595618E-01,3.441020E-01,2.520170E-01,1.737641E-01,1.178340E-01,7.757573E-02,4.710447E-02,2.676042E-02,1.587268E-02,7.968085E-03,3.742978E-03,1.998001E-03,6.248047E-04,2.499688E-04,0.000000E+00,0.000000E+00,0.000000E+00
-122.36153,37.14565,0.00000,1.000000E+00,1.000000E+00,1.000000E+00,1.000000E+00,1.000000E+00,1.000000E+00,1.000000E+00,1.000000E+00,1.000000E+00,1.000000E+00,1.000000E+00,9.999998E-01,9.999968E-01,9.999701E-01,9.997900E-01,9.988859E-01,9.953916E-01,9.847149E-01,9.588950E-01,9.073800E-01,8.264431E-01,7.162750E-01,5.924636E-01,4.717840E-01,3.601362E-01,2.631530E-01,1.887062E-01,1.281388E-01,8.960345E-02,5.894152E-02,3.740739E-02,2.432428E-02,1.476491E-02,7.968085E-03,4.489890E-03,1.498876E-03,1.249922E-04,0.000000E+00,0.000000E+00,0.000000E+00
-122.36133,37.19061,0.00000,1.000000E+00,1.000000E+00,1.000000E+00,1.000000E+00,1.000000E+00,1.000000E+00,1.000000E+00,1.000000E+00,1.000000E+00,1.000000E+00,1.000000E+00,9.999998E-01,9.999969E-01,9.999711E-01,9.997994E-01,9.989471E-01,9.956076E-01,9.856212E-01,9.606742E-01,9.125664E-01,8.326429E-01,7.286918E-01,6.071687E-01,4.866257E-01,3.766362E-01,2.818846E-01,2.037762E-01,1.420848E-01,9.854937E-02,6.585630E-02,4.113022E-02,2.615196E-02,1.501119E-02,7.223782E-03,3.742978E-03,1.748470E-03,8.746173E-04,2.499688E-04,1.249922E-04,0.000000E+00
-122.36112,37.23558,0.00000,1.000000E+00,1.000000E+00,1.000000E+00,1.000000E+00,1.000000E+00,1.000000E+00,1.000000E+00,1.000000E+00,1.000000E+00,1.000000E+00,1.000000E+00,9.999997E-01,9.999968E-01,9.999700E-01,9.997959E-01,9.989404E-01,9.956278E-01,9.853747E-01,9.603137E-01,9.122818E-01,8.353198E-01,7.327311E-01,6.161967E-01,4.960988E-01,3.897429E-01,3.004899E-01,2.254709E-01,1.621155E-01,1.109706E-01,7.688365E-02,5.067113E-02,2.931182E-02,1.648757E-02,8.340027E-03,4.738736E-03,1.998001E-03,1.249219E-03,3.749297E-04,3.749297E-04,2.499688E-04
-122.36092,37.28054,0.00000,1.000000E+00,1.000000E+00,1.000000E+00,1.000000E+00,1.000000E+00,1.000000E+00,1.000000E+00,1.000000E+00,1.000000E+00,1.000000E+00,1.000000E+00,9.999997E-01,9.999965E-01,9.999691E-01,9.997982E-01,9.989800E-01,9.959295E-01,9.865882E-01,9.636932E-01,9.186911E-01,8.473336E-01,7.512358E-01,6.380956E-01,5.226474E-01,4.152085E-01,3.134835E-01,2.333692E-01,1.734542E-01,1.212457E-01,8.343748E-02,5.516975E-02,3.668518E-02,2.065863E-02,1.217527E-02,6.230509E-03,3.120122E-03,1.249219E-03,7.497188E-04,1.249922E-04,1.249922E-04
-122.36072,37.32551,0.00000,1.000000E+00,1.000000E+00,1.000000E+00,1.000000E+00,1.000000E+00,1.000000E+00,1.000000E+00,1.000000E+00,1.000000E+00,1.000000E+00,1.000000E+00,9.999996E-01,9.999961E-01,9.999664E-01,9.997764E-01,9.988905E-01,9.954710E-01,9.852424E-01,9.615540E-01,9.160052E-01,8.455292E-01,7.519500E-01,6.413381E-01,5.249689E-01,4.185615E-01,3.265725E-01,2.522974E-01,1.872852E-01,1.381077E-01,9.051339E-02,6.093915E-02,4.136991E-02,2.517762E-02,1.328595E-02,5.857776E-03,2.746222E-03,1.623680E-03,7.497188E-04,4.998750E-04,1.249922E-04
-122.36052,37.37048,0.00000,1.000000E+00,1.000000E+00,1.000000E+00,1.000000E+00,1.000000E+00,1.000000E+00,1.000000E+00,1.000000E+00,1.000000E+00,1.000000E+00,9.999999E-01,9.999996E-01,9.999952E-01,9.999609E-01,9.997600E-01,9.988407E-01,9.954437E-01,9.857963E-01,9.628438E-01,9.177815E-01,8.468940E-01,7.519500E-01,6.441959E-01,5.311629E-01,4.279335E-01,3.386685E-01,2.672861E-01,2.026807E-01,1.488143E-01,1.053968E-01,6.853811E-02,4.196886E-02,2.517762E-02,1.316261E-02,7.099677E-03,2.621558E-03,1.249219E-03,6.248047E-04,1.249922E-04,0.000000E+00
-122.36031,37.41544,0.00000,1.000000E+00,1.000000E+00,1.000000E+00,1.000000E+00,1.000000E+00,1.000000E+00,1.000000E+00,1.000000E+00,1.000000E+00,1.000000E+00,9.999999E-01,9.999995E-01,9.999948E-01,9.999598E-01,9.997560E-01,9.988392E-01,9.954733E-01,9.858158E-01,9.628438E-01,9.193894E-01,8.505435E-01,7.546329E-01,6.455277E-01,5.383739E-01,4.387703E-01,3.546742E-01,2.820641E-01,2.232409E-01,1.697264E-01,1.210260E-01,8.056875E-02,4.805689E-02,2.809771E-02,1.574966E-02,7.347872E-03,3.244724E-03,9.995002E-04,4.998750E-04,4.998750E-04,2.499688E-04
-122.36011,37.46041,0.00000,1.000000E+00,1.000000E+00,1.000000E+00,1.000000E+00,1.000000E+00,1.000000E+00,1.000000E+00,1.000000E+00,1.000000E+00,1.000000E+00,9.999999E-01,9.999995E-01,9.999945E-01,9.999576E-01,9.997436E-01,9.988130E-01,9.956109E-01,9.865463E-01,9.651778E-01,9.238652E-01,8.586830E-01,7.661324E-01,6.605743E-01,5.575820E-01,4.575314E-01,3.738247E-01,2.944305E-01,2.390023E-01,1.867771E-01,1.398298E-01,9.843668E-02,6.655665E-02,3.993088E-02,2.334811E-02,1.106335E-02,6.106280E-03,2.372182E-03,4.998750E-04,0.000000E+00,0.000000E+00
-122.35990,37.50537,0.00000,1.000000E+00,1.000000E+00,1.000000E+00,1.000000E+00,1.000000E+00,1.000000E+00,1.000000E+00,1.000000E+00,1.000000E+00,1.000000E+00,9.999999E-01,9.999993E-01,9.999932E-01,9.999502E-01,9.997127E-01,9.986962E-01,9.952506E-01,9.859902E-01,9.645985E-01,9.227436E-01,8.569234E-01,7.686908E-01,6.681260E-01,5.628592E-01,4.571922E-01,3.698201E-01,2.954000E-01,2.366205E-01,1.880975E-01,1.445477E-01,1.080766E-01,7.248842E-02,4.984011E-02,2.943315E-02,1.513431E-02,5.982036E-03,2.870871E-03,6.248047E-04,2.499688E-04,0.000000E+00
-122.35970,37.55034,0.00000,1.000000E+00,1.000000E+00,1.000000E+00,1.000000E+00,1.000000E+00,1.000000E+00,1.000000E+00,1.000000E+00,1.000000E+00,1.000000E+00,9.999999E-01,9.999993E-01,9.999934E-01,9.999527E-01,9.997284E-01,9.987998E-01,9.956930E-01,9.870107E-01,9.673529E-01,9.304963E-01,8.698900E-01,7.888634E-01,6.878043E-01,5.792115E-01,4.759274E-01,3.803652E-01,2.995274E-01,2.367159E-01,1.812692E-01,1.374611E-01,1.011373E-01,6.737305E-02,4.280677E-02,2.493389E-02,1.316261E-02,6.727270E-03,3.742978E-03,1.623680E-03,7.497188E-04,2.499688E-04
-122.35950,37.59531,0.00000,1.000000E+00,1.000000E+00,1.000000E+00,1.000000E+00,1.000000E+00,1.000000E+00,1.000000E+00,1.000000E+00,1.000000E+00,1.000000E+00,9.999999E-01,9.999991E-01,9.999918E-01,9.999423E-01,9.996787E-01,9.986078E-01,9.950290E-01,9.851611E-01,9.634061E-01,9.241502E-01,8.627910E-01,7.779272E-01,6.801410E-01,5.754604E-01,4.644039E-01,3.669779E-01,2.831402E-01,2.149438E-01,1.622202E-01,1.136337E-01,7.642198E-02,5.031507E-02,2.955447E-02,1.722492E-02,9.331192E-03,4.614321E-03,1.998001E-03,6.248047E-04,2.499688E-04,1.249922E-04
-122.35929,37.64027,0.00000,1.000000E+00,1.000000E+00,1.000000E+00,1.000000E+00,1.000000E+00,1.000000E+00,1.000000E+00,1.000000E+00,1.000000E+00,1.000000E+00,9.999999E-01,9.999990E-01,9.999909E-01,9.999379E-01,9.996591E-01,9.985073E-01,9.948377E-01,9.852129E-01,9.643943E-01,9.254287E-01,8.668461E-01,7.851897E-01,6.889728E-01,5.856317E-01,4.754686E-01,3.742942E-01,2.825127E-01,2.090338E-01,1.480692E-01,9.753466E-02,6.538911E-02,3.921056E-02,2.285967E-02,1.155769E-02,4.614321E-03,2.122744E-03,1.374055E-03,8.746173E-04,4.998750E-04,2.499688E-04
-122.35909,37.68524,0.00000,1.000000E+00,1.000000E+00,1.000000E+00,1.000000E+00,1.000000E+00,1.000000E+00,1.000000E+00,1.000000E+00,1.000000E+00,1.000000E+00,9.999999E-01,9.999988E-01,9.999899E-01,9.999327E-01,9.996457E-01,9.985054E-01,9.948500E-01,9.854894E-01,9.641128E-01,9.257264E-01,8.663793E-01,7.879376E-01,6.959308E-01,5.919539E-01,4.826316E-01,3.776484E-01,2.836776E-01,1.988844E-01,1.355182E-01,8.561174E-02,4.960254E-02,2.821919E-02,1.439538E-02,7.596003E-03,2.746222E-03,7.497188E-04,3.749297E-04,2.499688E-04,1.249922E-04,0.000000E+00
-122.35887,37.73020,0.00000,1.000000E+00,1.000000E+00,1.000000E+00,1.000000E+00,1.000000E+00,1.000000E+00,1.000000E+00,1.000000E+00,1.000000E+00,1.000000E+00,9.999999E-01,9.999986E-01,9.999887E-01,9.999284E-01,9.996299E-01,9.984754E-01,9.948519E-01,9.857001E-01,9.657733E-01,9.296221E-01,8.729755E-01,7.943850E-01,7.003829E-01,5.962159E-01,4.868181E-01,3.811392E-01,2.852876E-01,2.035771E-01,1.348696E-01,8.240577E-02,4.555475E-02,2.639539E-02,1.032137E-02,4.614321E-03,2.621558E-03,1.249219E-03,3.749297E-04,1.249922E-04,0.000000E+00,0.000000E+00
-122.35867,37.77517,0.00000,1.000000E+00,1.000000E+00,1.000000E+00,1.000000E+00,1.000000E+00,1.000000E+00,1.000000E+00,1.000000E+00,1.000000E+00,1.000000E+00,9.999998E-01,9.999984E-01,9.999865E-01,9.999145E-01,9.995794E-01,9.983209E-01,9.945171E-01,9.850157E-01,9.652039E-01,9.290922E-01,8.720992E-01,7.964818E-01,7.023241E-01,5.975764E-01,4.912253E-01,3.820668E-01,2.830506E-01,1.992848E-01,1.273756E-01,7.688365E-02,4.244776E-02,2.249317E-02,1.019765E-02,5.484903E-03,1.873243E-03,3.749297E-04,3.749297E-04,1.249922E-04,0.000000E+00,0.000000E+00
-122.35846,37.82014,0.00000,1.000000E+00,1.000000E+00,1.000000E+00,1.000000E+00,1.000000E+00,1.000000E+00,1.000000E+00,1.000000E+00,1.000000E+00,1.000000E+00,9.999998E-01,9.999981E-01,9.999852E-01,9.999096E-01,9.995595E-01,9.982985E-01,9.944378E-01,9.849236E-01,9.652256E-01,9.289858E-01,8.740821E-01,7.987083E-01,7.023985E-01,5.936844E-01,4.847613E-01,3.722574E-01,2.756641E-01,1.962765E-01,1.248631E-01,7.457297E-02,4.148973E-02,1.967879E-02,1.069243E-02,4.987521E-03,1.748470E-03,4.998750E-04,1.249922E-04,1.249922E-04,0.000000E+00,0.000000E+00
-122.35825,37.86510,0.00000,1.000000E+00,1.000000E+00,1.000000E+00,1.000000E+00,1.000000E+00,1.000000E+00,1.000000E+00,1.000000E+00,1.000000E+00,1.000000E+00,9.999998E-01,9.999979E-01,9.999834E-01,9.998987E-01,9.995323E-01,9.982086E-01,9.942755E-01,9.844742E-01,9.643453E-01,9.289591E-01,8.755841E-01,8.007859E-01,7.082549E-01,6.016304E-01,4.930029E-01,3.829159E-01,2.800871E-01,1.954724E-01,1.348696E-01,8.389565E-02,4.746174E-02,2.505576E-02,1.254564E-02,6.354723E-03,2.247471E-03,1.249219E-03,4.998750E-04,2.499688E-04,2.499688E-04,1.249922E-04
-122.35804,37.91007,0.00000,1.000000E+00,1.000000E+00,1.000000E+00,1.000000E+00,1.000000E+00,1.000000E+00,1.000000E+00,1.000000E+00,1.000000E+00,1.000000E+00,9.999997E-01,9.999974E-01,9.999813E-01,9.998922E-01,9.994872E-01,9.980487E-01,9.938497E-01,9.836127E-01,9.633604E-01,9.279305E-01,8.745064E-01,8.023485E-01,7.106158E-01,6.050515E-01,4.964766E-01,3.923310E-01,2.946069E-01,2.122898E-01,1.441199E-01,9.414407E-02,5.788224E-02,3.185654E-02,1.796173E-02,8.711830E-03,3.120122E-03,1.623680E-03,4.998750E-04,2.499688E-04,0.000000E+00,0.000000E+00
-122.35783,37.95503,0.00000,1.000000E+00,1.000000E+00,1.000000E+00,1.000000E+00,1.000000E+00,1.000000E+00,1.000000E+00,1.000000E+00,1.000000E+00,9.999999E-01,9.999996E-01,9.999968E-01,9.999778E-01,9.998767E-01,9.994476E-01,9.979637E-01,9.936537E-01,9.834418E-01,9.637612E-01,9.292427E-01,8.765600E-01,8.054128E-01,7.153870E-01,6.140317E-01,5.076178E-01,4.065190E-01,3.105596E-01,2.320265E-01,1.671277E-01,1.149623E-01,7.642198E-02,4.769984E-02,2.834065E-02,1.414895E-02,7.844074E-03,3.493882E-03,8.746173E-04,3.749297E-04,2.499688E-04,0.000000E+00
-122.35762,38.00000,0.00000,1.000000E+00,1.000000E+00,1.000000E+00,1.000000E+00,1.000000E+00,1.000000E+00,1.000000E+00,1.000000E+00,1.000000E+00,9.999999E-01,9.999995E-01,9.999961E-01,9.999743E-01,9.998624E-01,9.993905E-01,9.977445E-01,9.933158E-01,9.825929E-01,9.605265E-01,9.232537E-01,8.680227E-01,7.957938E-01,7.071223E-01,6.087858E-01,5.068787E-01,4.016025E-01,3.106458E-01,2.343269E-01,1.704526E-01,1.173928E-01,7.711440E-02,4.746174E-02,2.894775E-02,1.599569E-02,8.340027E-03,3.867502E-03,1.748470E-03,8.746173E-04,2.499688E-04,1.249922E-04
-122.30582,37.01075,0.00000,1.000000E+00,1.000000E+00,1.000000E+00,1.000000E+00,1.000000E+00,1.000000E+00,1.000000E+00,1.000000E+00,1.000000E+00,1.000000E+00,1.000000E+00,9.999999E-01,9.999989E-01,9.999864E-01,9.998800E-01,9.992534E-01,9.964494E-01,9.872519E-01,9.630199E-01,9.137711E-01,8.350108E-01,7.236950E-01,5.952052E-01,4.712555E-01,3.558025E-01,2.589965E-01,1.799377E-01,1.235495E-01,8.229106E-02,5.351485E-02,3.209855E-02,1.845263E-02,1.192829E-02,5.857776E-03,2.995505E-03,2.122744E-03,1.249219E-03,2.499688E-04,1.249922E-04,1.249922E-04
-122.30559,37.05571,0.00000,1.000000E+00,1.000000E+00,1.000000E+00,1.000000E+00,1.000000E+00,1.000000E+00,1.000000E+00,1.000000E+00,1.000000E+00,1.000000E+00,1.000000E+00,9.999999E-01,9.999988E-01,9.999853E-01,9.998735E-01,9.992131E-01,9.962956E-01,9.867134E-01,9.624657E-01,9.137172E-01,8.333734E-01,7.252105E-01,5.988320E-01,4.707265E-01,3.569289E-01,2.624158E-01,1.863704E-01,1.286835E-01,8.823682E-02,5.717539E-02,3.499790E-02,1.980133E-02,1.303924E-02,6.975557E-03,3.369311E-03,1.374055E-03,7.497188E-04,4.998750E-04,2.499688E-04,0.000000E+00
-122.30535,37.10068,0.00000,1.000000E+00,1.000000E+00,1.000000E+00,1.000000E+00,1.000000E+00,1.000000E+00,1.000000E+00,1.000000E+00,1.000000E+00,1.000000E+00,1.000000E+00,9.999999E-01,9.999987E-01,9.999856E-01,9.998796E-01,9.992718E-01,9.967538E-01,9.881775E-01,9.659696E-01,9.202812E-01,8.418363E-01,7.422138E-01,6.204903E-01,4.935730E-01,3.763244E-01,2.818846E-01,2.009846E-01,1.434778E-01,9.787302E-02,6.422012E-02,4.292642E-02,2.797621E-02,1.636462E-02,8.959621E-03,4.863136E-03,2.372182E-03,7.497188E-04,0.000000E+00,0.000000E+00,0.000000E+00
-122.30511,37.14565,0.00000,1.000000E+00,1.000000E+00,1.000000E+00,1.000000E+00,1.000000E+00,1.000000E+00,1.000000E+00,1.000000E+00,1.000000E+00,1.000000E+00,1.000000E+00,9.999999E-01,9.999982E-01,9.999812E-01,9.998604E-01,9.992008E-01,9.964145E-01,9.876379E-01,9.654898E-01,9.200217E-01,8.447355E-01,7.416655E-01,6.205851E-01,4.981104E-01,3.818351E-01,2.850195E-01,2.060621E-01,1.426208E-01,9.821126E-02,6.725647E-02,4.400252E-02,2.688207E-02,1.624166E-02,8.463977E-03,4.738736E-03,2.247471E-03,6.248047E-04,1.249922E-04,1.249922E-04,0.000000E+00
-122.30488,37.19061,0.00000,1.000000E+00,1.000000E+00,1.000000E+00,1.000000E+00,1.000000E+00,1.000000E+00,1.000000E+00,1.000000E+00,1.000000E+00,1.000000E+00,1.000000E+00,9.999998E-01,9.999979E-01,9.999799E-01,9.998556E-01,9.991956E-01,9.964763E-01,9.880288E-01,9.665097E-01,9.227822E-01,8.515675E-01,7.531254E-01,6.364633E-01,5.182717E-01,4.027981E-01,3.071904E-01,2.266318E-01,1.598081E-01,1.108595E-01,7.457297E-02,4.555475E-02,2.736851E-02,1.624166E-02,9.083494E-03,5.236243E-03,2.247471E-03,7.497188E-04,4.998750E-04,1.249922E-04,0.000000E+00
-122.30465,37.23558,0.00000,1.000000E+00,1.000000E+00,1.000000E+00,1.000000E+00,1.000000E+00,1.000000E+00,1.000000E+00,1.000000E+00,1.000000E+00,1.000000E+00,1.000000E+00,9.999998E-01,9.999980E-01,9.999810E-01,9.998639E-01,9.992447E-01,9.967379E-01,9.887850E-01,9.682345E-01,9.269875E-01,8.593527E-01,7.647544E-01,6.528506E-01,5.324505E-01,4.194330E-01,3.211635E-01,2.386218E-01,1.752088E-01,1.224532E-01,8.492569E-02,5.410622E-02,3.016081E-02,1.611868E-02,8.835734E-03,4.116504E-03,1.998001E-03,6.248047E-04,0.000000E+00,0.000000E+00,0.000000E+00
-122.30441,37.28054,0.00000,1.000000E+00,1.000000E+00,1.000000E+00,1.000000E+00,1.000000E+00,1.000000E+00,1.000000E+00,1.000000E+00,1.000000E+00,1.000000E+00,1.000000E+00,9.999998E-01,9.999977E-01,9.999784E-01,9.998500E-01,9.991915E-01,9.966115E-01,9.886453E-01,9.688441E-01,9.296748E-01,8.617408E-01,7.693549E-01,6.598096E-01,5.429100E-01,4.338380E-01,3.384204E-01,2.608467E-01,1.896184E-01,1.327040E-01,9.028599E-02,5.587811E-02,3.367011E-02,1.882064E-02,9.826402E-03,4.863136E-03,2.247471E-03,8.746173E-04,3.749297E-04,1.249922E-04,0.000000E+00
-122.30418,37.32551,0.00000,1.000000E+00,1.000000E+00,1.000000E+00,1.000000E+00,1.000000E+00,1.000000E+00,1.000000E+00,1.000000E+00,1.000000E+00,1.000000E+00,1.000000E+00,9.999998E-01,9.999973E-01,9.999753E-01,9.998306E-01,9.991315E-01,9.964582E-01,9.881982E-01,9.681550E-01,9.272517E-01,8.603338E-01,7.732994E-01,6.672953E-01,5.523528E-01,4.429638E-01,3.504659E-01,2.688415E-01,2.084403E-01,1.535888E-01,1.036058E-01,6.865453E-02,3.957079E-02,2.151517E-02,1.131055E-02,5.484903E-03,2.496878E-03,1.498876E-03,6.248047E-04,1.249922E-04,0.000000E+00
-122.30394,37.37048,0.00000,1.000000E+00,1.000000E+00,1.000000E+00,1.000000E+00,1.000000E+00,1.000000E+00,1.000000E+00,1.000000E+00,1.000000E+00,1.000000E+00,1.000000E+00,9.999997E-01,9.999968E-01,9.999730E-01,9.998187E-01,9.990831E-01,9.963586E-01,9.879928E-01,9.681152E-01,9.282452E-01,8.638843E-01,7.743455E-01,6.672537E-01,5.602285E-01,4.567850E-01,3.661862E-01,2.887633E-01,2.238232E-01,1.704526E-01,1.208063E-01,8.297908E-02,5.339653E-02,3.246144E-02,1.955625E-02,1.056875E-02,4.863136E-03,1.748470E-03,7.497188E-04,3.749297E-04,0.000000E+00
-122.30370,37.41544,0.00000,1.000000E+00,1.000000E+00,1.000000E+00,1.000000E+00,1.000000E+00,1.000000E+00,1.000000E+00,1.000000E+00,1.000000E+00,1.000000E+00,1.000000E+00,9.999997E-01,9.999970E-01,9.999749E-01,9.998355E-01,9.991732E-01,9.966952E-01,9.891490E-01,9.710482E-01,9.340181E-01,8.735932E-01,7.874866E-01,6.849425E-01,5.787379E-01,4.765821E-01,3.836868E-01,3.063238E-01,2.411871E-01,1.849453E-01,1.360583E-01,9.674466E-02,6.725647E-02,4.495804E-02,2.761163E-02,1.599569E-02,8.092081E-03,3.493882E-03,2.122744E-03,6.248047E-04,3.749297E-04
-122.30346,37.46041,0.00000,1.000000E+00,1.000000E+00,1.000000E+00,1.000000E+00,1.000000E+00,1.000000E+00,1.000000E+00,1.000000E+00,1.000000E+00,1.000000E+00,1.000000E+00,9.999996E-01,9.999964E-01,9.999712E-01,9.998207E-01,9.991363E-01,9.966183E-01,9.889381E-01,9.707792E-01,9.349355E-01,8.774824E-01,7.915904E-01,6.919136E-01,5.799997E-01,4.745499E-01,3.877564E-01,3.074501E-01,2.415664E-01,1.893144E-01,1.442269E-01,1.081881E-01,7.491995E-02,4.960254E-02,2.991831E-02,1.906590E-02,9.578828E-03,3.742978E-03,1.498876E-03,7.497188E-04,2.499688E-04
-122.30322,37.50537,0.00000,1.000000E+00,1.000000E+00,1.000000E+00,1.000000E+00,1.000000E+00,1.000000E+00,1.000000E+00,1.000000E+00,1.000000E+00,1.000000E+00,9.999999E-01,9.999996E-01,9.999955E-01,9.999657E-01,9.997965E-01,9.990369E-01,9.962439E-01,9.880825E-01,9.691309E-01,9.321954E-01,8.729278E-01,7.910687E-01,6.920676E-01,5.887792E-01,4.821787E-01,3.881389E-01,3.058901E-01,2.355701E-01,1.779878E-01,1.285746E-01,9.289766E-02,6.222947E-02,4.125007E-02,2.493389E-02,1.476491E-02,8.092081E-03,3.867502E-03,1.124367E-03,3.749297E-04,2.499688E-04
-122.30299,37.55034,0.00000,1.000000E+00,1.000000E+00,1.000000E+00,1.000000E+00,1.000000E+00,1.000000E+00,1.000000E+00,1.000000E+00,1.000000E+00,1.000000E+00,9.999999E-01,9.999995E-01,9.999945E-01,9.999589E-01,9.997592E-01,9.989014E-01,9.958561E-01,9.875184E-01,9.676576E-01,9.304876E-01,8.713455E-01,7.912776E-01,6.929132E-01,5.859423E-01,4.778237E-01,3.838409E-01,2.942541E-01,2.206149E-01,1.609626E-01,1.130796E-01,7.503557E-02,4.543544E-02,2.566491E-02,1.266906E-02,5.360581E-03,2.746222E-03,7.497188E-04,1.249922E-04,0.000000E+00,0.000000E+00
-122.30274,37.59531,0.00000,1.000000E+00,1.000000E+00,1.000000E+00,1.000000E+00,1.000000E+00,1.000000E+00,1.000000E+00,1.000000E+00,1.000000E+00,1.000000E+00,9.999999E-01,9.999995E-01,9.999947E-01,9.999602E-01,9.997685E-01,9.989445E-01,9.961232E-01,9.881686E-01,9.698705E-01,9.352033E-01,8.789740E-01,8.008854E-01,7.049543E-01,6.033694E-01,4.964766E-01,3.919511E-01,2.935480E-01,2.142566E-01,1.483886E-01,9.414407E-02,6.023459E-02,3.391166E-02,1.906590E-02,1.044507E-02,4.738736E-03,1.374055E-03,4.998750E-04,2.499688E-04,2.499688E-04,0.000000E+00
-122.30251,37.64027,0.00000,1.000000E+00,1.000000E+00,1.000000E+00,1.000000E+00,1.000000E+00,1.000000E+00,1.000000E+00,1.000000E+00,1.000000E+00,1.000000E+00,9.999999E-01,9.999992E-01,9.999924E-01,9.999470E-01,9.997032E-01,9.986874E-01,9.952465E-01,9.864162E-01,9.668968E-01,9.311879E-01,8.743494E-01,7.992359E-01,7.046222E-01,5.969219E-01,4.825022E-01,3.749196E-01,2.807167E-01,1.962765E-01,1.318363E-01,8.206160E-02,4.638953E-02,2.700370E-02,1.427217E-02,5.236243E-03,2.247471E-03,4.998750E-04,2.499688E-04,1.249922E-04,1.249922E-04,1.249922E-04
-122.30226,37.68524,0.00000,1.000000E+00,1.000000E+00,1.000000E+00,1.000000E+00,1.000000E+00,1.000000E+00,1.000000E+00,1.000000E+00,1.000000E+00,1.000000E+00,9.999999E-01,9.999991E-01,9.999922E-01,9.999461E-01,9.997115E-01,9.987483E-01,9.954981E-01,9.867879E-01,9.676778E-01,9.330544E-01,8.788832E-01,8.044863E-01,7.115187E-01,6.075123E-01,5.020472E-01,3.928625E-01,2.930180E-01,2.038757E-01,1.357343E-01,8.217634E-02,4.698535E-02,2.444623E-02,1.118696E-02,5.111889E-03,1.748470E-03,8.746173E-04,3.749297E-04,0.000000E+00,0.000000E+00,0.000000E+00
-122.30202,37.73020,0.00000,1.000000E+00,1.000000E+00,1.000000E+00,1.000000E+00,1.000000E+00,1.000000E+00,1.000000E+00,1.000000E+00,1.000000E+00,1.000000E+00,9.999999E-01,9.999990E-01,9.999914E-01,9.999418E-01,9.996955E-01,9.987071E-01,9.955026E-01,9.873250E-01,9.693462E-01,9.363034E-01,8.858509E-01,8.163549E-01,7.276385E-01,6.258131E-01,5.154332E-01,4.039168E-01,3.017129E-01,2.079454E-01,1.365981E-01,8.652566E-02,4.960254E-02,2.578669E-02,1.266906E-02,4.863136E-03,1.498876E-03,1.249922E-04,0.000000E+00,0.000000E+00,0.000000E+00,0.000000E+00
-122.30178,37.77517,0.00000,1.000000E+00,1.000000E+00,1.000000E+00,1.000000E+00,1.000000E+00,1.000000E+00,1.000000E+00,1.000000E+00,1.000000E+00,1.000000E+00,9.999999E-01,9.999988E-01,9.999903E-01,9.999386E-01,9.996776E-01,9.986722E-01,9.954540E-01,9.872996E-01,9.695829E-01,9.368663E-01,8.870574E-01,8.171108E-01,7.309209E-01,6.305076E-01,5.219309E-01,4.112478E-01,3.118511E-01,2.200301E-01,1.520003E-01,9.425730E-02,5.811774E-02,3.028203E-02,1.538049E-02,6.851421E-03,2.995505E-03,1.249219E-03,3.749297E-04,1.249922E-04,0.000000E+00,0.000000E+00
-122.30154,37.82014,0.00000,1.000000E+00,1.000000E+00,1.000000E+00,1.000000E+00,1.000000E+00,1.000000E+00,1.000000E+00,1.000000E+00,1.000000E+00,1.000000E+00,9.999998E-01,9.999985E-01,9.999875E-01,9.999229E-01,9.996176E-01,9.984700E-01,9.949018E-01,9.859779E-01,9.669340E-01,9.337122E-01,8.815779E-01,8.110457E-01,7.241781E-01,6.256728E-01,5.155543E-01,4.087403E-01,3.078828E-01,2.164144E-01,1.484951E-01,9.708332E-02,5.386972E-02,2.955447E-02,1.525741E-02,6.975557E-03,3.120122E-03,1.249219E-03,4.998750E-04,0.000000E+00,0.000000E+00,0.000000E+00
-122.30129,37.86510,0.00000,1.000000E+00,1.000000E+00,1.000000E+00,1.000000E+00,1.000000E+00,1.000000E+00,1.000000E+00,1.000000E+00,1.000000E+00,1.000000E+00,9.999998E-01,9.999982E-01,9.999855E-01,9.999136E-01,9.995739E-01,9.983357E-01,9.945363E-01,9.852350E-01,9.659568E-01,9.319832E-01,8.791252E-01,8.092421E-01,7.186765E-01,6.156686E-01,5.102572E-01,3.991290E-01,3.048482E-01,2.255677E-01,1.572838E-01,1.028211E-01,6.550593E-02,3.752771E-02,2.053620E-02,8.959621E-03,4.365444E-03,1.623680E-03,8.746173E-04,2.499688E-04,2.499688E-04,1.249922E-04
-122.30105,37.91007,0.00000,1.000000E+00,1.000000E+00,1.000000E+00,1.000000E+00,1.000000E+00,1.000000E+00,1.000000E+00,1.000000E+00,1.000000E+00,1.000000E+00,9.999998E-01,9.999980E-01,9.999845E-01,9.999079E-01,9.995701E-01,9.983089E-01,9.945322E-01,9.852977E-01,9.666100E-01,9.334881E-01,8.832242E-01,8.141379E-01,7.291324E-01,6.290267E-01,5.237203E-01,4.172517E-01,3.190388E-01,2.387169E-01,1.683761E-01,1.171721E-01,7.746042E-02,5.007762E-02,2.749008E-02,1.439538E-02,8.216063E-03,3.493882E-03,1.498876E-03,1.374055E-03,4.998750E-04,2.499688E-04
-122.30080,37.95503,0.00000,1.000000E+00,1.000000E+00,1.000000E+00,1.000000E+00,1.000000E+00,1.000000E+00,1.000000E+00,1.000000E+00,1.000000E+00,1.000000E+00,9.999997E-01,9.999975E-01,9.999821E-01,9.998965E-01,9.995136E-01,9.981607E-01,9.942020E-01,9.845245E-01,9.658886E-01,9.323562E-01,8.815927E-01,8.128322E-01,7.280807E-01,6.299992E-01,5.250283E-01,4.210997E-01,3.252243E-01,2.434601E-01,1.752088E-01,1.199266E-01,8.148772E-02,5.138286E-02,3.270330E-02,1.845263E-02,9.455018E-03,4.863136E-03,1.873243E-03,4.998750E-04,1.249922E-04,0.000000E+00
-122.30056,38.00000,0.00000,1.000000E+00,1.000000E+00,1.000000E+00,1.000000E+00,1.000000E+00,1.000000E+00,1.000000E+00,1.000000E+00,1.000000E+00,9.999999E-01,9.999996E-01,9.999971E-01,9.999792E-01,9.998834E-01,9.994701E-01,9.980318E-01,9.939048E-01,9.840971E-01,9.648981E-01,9.321021E-01,8.806416E-01,8.116588E-01,7.245571E-01,6.267941E-01,5.191741E-01,4.179797E-01,3.263200E-01,2.429871E-01,1.751057E-01,1.198166E-01,7.930366E-02,4.912722E-02,2.797621E-02,1.402571E-02,6.975557E-03,3.244724E-03,7.497188E-04,2.499688E-04,0.000000E+00,0.000000E+00
-122.24950,37.01075,0.00000,1.000000E+00,1.000000E+00,1.000000E+00,1.000000E+00,1.000000E+00,1.000000E+00,1.000000E+00,1.000000E+00,1.000000E+00,1.000000E+00,1.000000E+00,1.000000E+00,9.999995E-01,9.999923E-01,9.999248E-01,9.994972E-01,9.974120E-01,9.899620E-01,9.699720E-01,9.268596E-01,8.547792E-01,7.511737E-01,6.297216E-01,5.044688E-01,3.910384E-01,2.944305E-01,2.126835E-01,1.539062E-01,1.037178E-01,6.772272E-02,4.352440E-02,2.773317E-02,1.882064E-02,1.093972E-02,6.478921E-03,3.742978E-03,1.748470E-03,8.746173E-04,0.000000E+00,0.000000E+00
-122.24924,37.05571,0.00000,1.000000E+00,1.000000E+00,1.000000E+00,1.000000E+00,1.000000E+00,1.000000E+00,1.000000E+00,1.000000E+00,1.000000E+00,1.000000E+00,1.000000E+00,1.000000E+00,9.999995E-01,9.999931E-01,9.999355E-01,9.995568E-01,9.976998E-01,9.910815E-01,9.735533E-01,9.346338E-01,8.665128E-01,7.699595E-01,6.523294E-01,5.290484E-01,4.167416E-01,3.165659E-01,2.306813E-01,1.618012E-01,1.117482E-01,7.480431E-02,4.781887E-02,3.052443E-02,1.857531E-02,1.056875E-02,4.738736E-03,3.369311E-03,1.748470E-03,7.497188E-04,3.749297E-04,2.499688E-04
-122.24897,37.10068,0.00000,1.000000E+00,1.000000E+00,1.000000E+00,1.000000E+00,1.000000E+00,1.000000E+00,1.000000E+00,1.000000E+00,1.000000E+00,1.000000E+00,1.000000E+00,9.999999E-01,9.999993E-01,9.999919E-01,9.999257E-01,9.995267E-01,9.976627E-01,9.910289E-01,9.730359E-01,9.335380E-01,8.670790E-01,7.711927E-01,6.542364E-01,5.309285E-01,4.181252E-01,3.148552E-01,2.294302E-01,1.671277E-01,1.148516E-01,7.515119E-02,4.877058E-02,3.040323E-02,1.931110E-02,1.106335E-02,5.982036E-03,2.746222E-03,1.623680E-03,6.248047E-04,3.749297E-04,1.249922E-04
-122.24870,37.14565,0.00000,1.000000E+00,1.000000E+00,1.000000E+00,1.000000E+00,1.000000E+00,1.000000E+00,1.000000E+00,1.000000E+00,1.000000E+00,1.000000E+00,1.000000E+00,9.999999E-01,9.999992E-01,9.999912E-01,9.999238E-01,9.995259E-01,9.977292E-01,9.913979E-01,9.741158E-01,9.366845E-01,8.732134E-01,7.809598E-01,6.720027E-01,5.538611E-01,4.385598E-01,3.299313E-01,2.430817E-01,1.738674E-01,1.220143E-01,8.217634E-02,5.043377E-02,3.064560E-02,1.771619E-02,9.455018E-03,4.863136E-03,1.873243E-03,9.995002E-04,2.499688E-04,2.499688E-04,2.499688E-04
-122.24844,37.19061,0.00000,1.000000E+00,1.000000E+00,1.000000E+00,1.000000E+00,1.000000E+00,1.000000E+00,1.000000E+00,1.000000E+00,1.000000E+00,1.000000E+00,1.000000E+00,9.999999E-01,9.999989E-01,9.999880E-01,9.999052E-01,9.994349E-01,9.974042E-01,9.907361E-01,9.730797E-01,9.358721E-01,8.709590E-01,7.807133E-01,6.711406E-01,5.496026E-01,4.312845E-01,3.316879E-01,2.504258E-01,1.801427E-01,1.194865E-01,7.688365E-02,4.555475E-02,2.603022E-02,1.390246E-02,6.851421E-03,3.493882E-03,1.374055E-03,7.497188E-04,4.998750E-04,0.000000E+00,0.000000E+00
-122.24817,37.23558,0.00000,1.000000E+00,1.000000E+00,1.000000E+00,1.000000E+00,1.000000E+00,1.000000E+00,1.000000E+00,1.000000E+00,1.000000E+00,1.000000E+00,1.000000E+00,9.999999E-01,9.999987E-01,9.999864E-01,9.998974E-01,9.994290E-01,9.973909E-01,9.908625E-01,9.737772E-01,9.381782E-01,8.760653E-01,7.889426E-01,6.805006E-01,5.668842E-01,4.540621E-01,3.494909E-01,2.645333E-01,1.910353E-01,1.362743E-01,9.085438E-02,6.023459E-02,3.596242E-02,2.188204E-02,9.826402E-03,4.987521E-03,1.748470E-03,7.497188E-04,3.749297E-04,2.499688E-04,0.000000E+00
-122.24789,37.28054,0.00000,1.000000E+00,1.000000E+00,1.000000E+00,1.000000E+00,1.000000E+00,1.000000E+00,1.000000E+00,1.000000E+00,1.000000E+00,1.000000E+00,1.000000E+00,9.999999E-01,9.999983E-01,9.999843E-01,9.998851E-01,9.993675E-01,9.972824E-01,9.906254E-01,9.736556E-01,9.383634E-01,8.789135E-01,7.928112E-01,6.871402E-01,5.745041E-01,4.671418E-01,3.655520E-01,2.806268E-01,2.110087E-01,1.534830E-01,1.087453E-01,7.179253E-02,4.364395E-02,2.517762E-02,1.180477E-02,6.354723E-03,2.247471E-03,1.124367E-03,6.248047E-04,2.499688E-04,0.000000E+00
-122.24763,37.32551,0.00000,1.000000E+00,1.000000E+00,1.000000E+00,1.000000E+00,1.000000E+00,1.000000E+00,1.000000E+00,1.000000E+00,1.000000E+00,1.000000E+00,1.000000E+00,9.999999E-01,9.999983E-01,9.999841E-01,9.998844E-01,9.993812E-01,9.973369E-01,9.908557E-01,9.740511E-01,9.399078E-01,8.832972E-01,7.992861E-01,6.964625E-01,5.840229E-01,4.780847E-01,3.826845E-01,3.003150E-01,2.338482E-01,1.762391E-01,1.304244E-01,9.267086E-02,5.941194E-02,3.632386E-02,2.041376E-02,9.702623E-03,4.863136E-03,1.998001E-03,1.124367E-03,2.499688E-04,1.249922E-04
-122.24735,37.37048,0.00000,1.000000E+00,1.000000E+00,1.000000E+00,1.000000E+00,1.000000E+00,1.000000E+00,1.000000E+00,1.000000E+00,1.000000E+00,1.000000E+00,1.000000E+00,9.999998E-01,9.999980E-01,9.999816E-01,9.998749E-01,9.993235E-01,9.971640E-01,9.904396E-01,9.738688E-01,9.399228E-01,8.815631E-01,7.980782E-01,6.972204E-01,5.899085E-01,4.828902E-01,3.884448E-01,3.089202E-01,2.427978E-01,1.867771E-01,1.378922E-01,1.008002E-01,6.713986E-02,4.244776E-02,2.469009E-02,1.266906E-02,6.230509E-03,3.742978E-03,1.374055E-03,2.499688E-04,2.499688E-04
-122.24709,37.41544,0.00000,1.000000E+00,1.000000E+00,1.000000E+00,1.000000E+00,1.000000E+00,1.000000E+00,1.000000E+00,1.000000E+00,1.000000E+00,1.000000E+00,1.000000E+00,9.999998E-01,9.999977E-01,9.999802E-01,9.998677E-01,9.993114E-01,9.971391E-01,9.904085E-01,9.735996E-01,9.401851E-01,8.848333E-01,8.048038E-01,7.041048E-01,5.958624E-01,4.931930E-01,3.982270E-01,3.190388E-01,2.531381E-01,1.975815E-01,1.512580E-01,1.117482E-01,7.815207E-02,4.995887E-02,2.906912E-02,1.476491E-02,6.975557E-03,2.870871E-03,1.748470E-03,7.497188E-04,3.749297E-04
-122.24681,37.46041,0.00000,1.000000E+00,1.000000E+00,1.000000E+00,1.000000E+00,1.000000E+00,1.000000E+00,1.000000E+00,1.000000E+00,1.000000E+00,1.000000E+00,1.000000E+00,9.999998E-01,9.999974E-01,9.999782E-01,9.998578E-01,9.992909E-01,9.971194E-01,9.905288E-01,9.749028E-01,9.434285E-01,8.894182E-01,8.094089E-01,7.110496E-01,6.067265E-01,4.916067E-01,3.914188E-01,3.078828E-01,2.400480E-01,1.817808E-01,1.337875E-01,9.244400E-02,6.070436E-02,3.800882E-02,2.249317E-02,1.180477E-02,5.982036E-03,2.372182E-03,7.497188E-04,0.000000E+00,0.000000E+00
-122.24654,37.50537,0.00000,1.000000E+00,1.000000E+00,1.000000E+00,1.000000E+00,1.000000E+00,1.000000E+00,1.000000E+00,1.000000E+00,1.000000E+00,1.000000E+00,1.000000E+00,9.999997E-01,9.999967E-01,9.999725E-01,9.998252E-01,9.991587E-01,9.967096E-01,9.895130E-01,9.724844E-01,9.387245E-01,8.849772E-01,8.055830E-01,7.086194E-01,6.025754E-01,4.943320E-01,3.911906E-01,3.003150E-01,2.204200E-01,1.508335E-01,1.018112E-01,6.877095E-02,4.340483E-02,2.481199E-02,1.242220E-02,5.609209E-03,2.122744E-03,1.249219E-03,4.998750E-04,3.749297E-04,1.249922E-04
-122.24627,37.55034,0.00000,1.000000E+00,1.000000E+00,1.000000E+00,1.000000E+00,1.000000E+00,1.000000E+00,1.000000E+00,1.000000E+00,1.000000E+00,1.000000E+00,1.000000E+00,9.999996E-01,9.999965E-01,9.999720E-01,9.998274E-01,9.991853E-01,9.968307E-01,9.901028E-01,9.741385E-01,9.426596E-01,8.907509E-01,8.160562E-01,7.258967E-01,6.244543E-01,5.164618E-01,4.097004E-01,3.121951E-01,2.198351E-01,1.455096E-01,9.459689E-02,5.976459E-02,3.427387E-02,1.783897E-02,9.578828E-03,4.614321E-03,3.120122E-03,1.498876E-03,6.248047E-04,1.249922E-04,0.000000E+00
-122.24599,37.59531,0.00000,1.000000E+00,1.000000E+00,1.000000E+00,1.000000E+00,1.000000E+00,1.000000E+00,1.000000E+00,1.000000E+00,1.000000E+00,1.000000E+00,9.999999E-01,9.999996E-01,9.999956E-01,9.999671E-01,9.998074E-01,9.990855E-01,9.965127E-01,9.893132E-01,9.727377E-01,9.410756E-01,8.882091E-01,8.162630E-01,7.239022E-01,6.197780E-01,5.109302E-01,4.027981E-01,2.958402E-01,2.060621E-01,1.355182E-01,8.469689E-02,4.698535E-02,2.347019E-02,1.192829E-02,5.857776E-03,2.621558E-03,1.124367E-03,4.998750E-04,3.749297E-04,0.000000E+00,0.000000E+00
-122.24572,37.64027,0.00000,1.000000E+00,1.000000E+00,1.000000E+00,1.000000E+00,1.000000E+00,1.000000E+00,1.000000E+00,1.000000E+00,1.000000E+00,1.000000E+00,9.999999E-01,9.999995E-01,9.999952E-01,9.999654E-01,9.997949E-01,9.990609E-01,9.964271E-01,9.893066E-01,9.730528E-01,9.425448E-01,8.937011E-01,8.278045E-01,7.393626E-01,6.385476E-01,5.334430E-01,4.146966E-01,3.121091E-01,2.151401E-01,1.390768E-01,8.252046E-02,4.412201E-02,2.065863E-02,1.069243E-02,5.609209E-03,1.998001E-03,7.497188E-04,1.249922E-04,0.000000E+00,0.000000E+00,0.000000E+00
-122.24545,37.68524,0.00000,1.000000E+00,1.000000E+00,1.000000E+00,1.000000E+00,1.000000E+00,1.000000E+00,1.000000E+00,1.000000E+00,1.000000E+00,1.000000E+00,9.999999E-01,9.999993E-01,9.999934E-01,9.999537E-01,9.997452E-01,9.988849E-01,9.959811E-01,9.883200E-01,9.711458E-01,9.391367E-01,8.915130E-01,8.219160E-01,7.326308E-01,6.339096E-01,5.272200E-01,4.176886E-01,3.127107E-01,2.202251E-01,1.477497E-01,8.914813E-02,5.304149E-02,2.688207E-02,1.242220E-02,4.987521E-03,1.374055E-03,2.499688E-04,0.000000E+00,0.000000E+00,0.000000E+00,0.000000E+00
-122.24516,37.73020,0.00000,1.000000E+00,1.000000E+00,1.000000E+00,1.000000E+00,1.000000E+00,1.000000E+00,1.000000E+00,1.000000E+00,1.000000E+00,1.000000E+00,9.999999E-01,9.999992E-01,9.999930E-01,9.999508E-01,9.997321E-01,9.988463E-01,9.959235E-01,9.880452E-01,9.710555E-01,9.391519E-01,8.904775E-01,8.226269E-01,7.366773E-01,6.391796E-01,5.350149E-01,4.291478E-01,3.289254E-01,2.403329E-01,1.579156E-01,9.448370E-02,5.705753E-02,2.919048E-02,1.365590E-02,5.857776E-03,2.870871E-03,1.124367E-03,8.746173E-04,3.749297E-04,1.249922E-04,0.000000E+00
-122.24489,37.77517,0.00000,1.000000E+00,1.000000E+00,1.000000E+00,1.000000E+00,1.000000E+00,1.000000E+00,1.000000E+00,1.000000E+00,1.000000E+00,1.000000E+00,9.999999E-01,9.999990E-01,9.999918E-01,9.999440E-01,9.996973E-01,9.987152E-01,9.956366E-01,9.876055E-01,9.704523E-01,9.390149E-01,8.896530E-01,8.222941E-01,7.378596E-01,6.436618E-01,5.376809E-01,4.318529E-01,3.284219E-01,2.366205E-01,1.599132E-01,1.022602E-01,6.457097E-02,3.680558E-02,1.992384E-02,1.007392E-02,5.111889E-03,2.746222E-03,4.998750E-04,0.000000E+00,0.000000E+00,0.000000E+00
-122.24461,37.82014,0.00000,1.000000E+00,1.000000E+00,1.000000E+00,1.000000E+00,1.000000E+00,1.000000E+00,1.000000E+00,1.000000E+00,1.000000E+00,1.000000E+00,9.999999E-01,9.999989E-01,9.999905E-01,9.999387E-01,9.996837E-01,9.986826E-01,9.955534E-01,9.877349E-01,9.708776E-01,9.414208E-01,8.940459E-01,8.280627E-01,7.456070E-01,6.468545E-01,5.434810E-01,4.403116E-01,3.417201E-01,2.545372E-01,1.795276E-01,1.248631E-01,8.217634E-02,4.924607E-02,2.785470E-02,1.353260E-02,6.851421E-03,3.120122E-03,9.995002E-04,3.749297E-04,2.499688E-04,1.249922E-04
-122.24433,37.86510,0.00000,1.000000E+00,1.000000E+00,1.000000E+00,1.000000E+00,1.000000E+00,1.000000E+00,1.000000E+00,1.000000E+00,1.000000E+00,1.000000E+00,9.999999E-01,9.999986E-01,9.999884E-01,9.999288E-01,9.996419E-01,9.985921E-01,9.952702E-01,9.869210E-01,9.691425E-01,9.378451E-01,8.888639E-01,8.238202E-01,7.390040E-01,6.449512E-01,5.399293E-01,4.370137E-01,3.372616E-01,2.505195E-01,1.793225E-01,1.209162E-01,8.171731E-02,4.888947E-02,3.088791E-02,1.648757E-02,7.471945E-03,3.244724E-03,1.748470E-03,6.248047E-04,1.249922E-04,0.000000E+00
-122.24406,37.91007,0.00000,1.000000E+00,1.000000E+00,1.000000E+00,1.000000E+00,1.000000E+00,1.000000E+00,1.000000E+00,1.000000E+00,1.000000E+00,1.000000E+00,9.999998E-01,9.999982E-01,9.999868E-01,9.999204E-01,9.996091E-01,9.984839E-01,9.950686E-01,9.865816E-01,9.689296E-01,9.378994E-01,8.896254E-01,8.232908E-01,7.402083E-01,6.429930E-01,5.376231E-01,4.284338E-01,3.328564E-01,2.444052E-01,1.754150E-01,1.213556E-01,8.010891E-02,4.995887E-02,2.919048E-02,1.574966E-02,7.968085E-03,3.867502E-03,2.247471E-03,7.497188E-04,3.749297E-04,1.249922E-04
-122.24377,37.95503,0.00000,1.000000E+00,1.000000E+00,1.000000E+00,1.000000E+00,1.000000E+00,1.000000E+00,1.000000E+00,1.000000E+00,1.000000E+00,1.000000E+00,9.999998E-01,9.999978E-01,9.999838E-01,9.999048E-01,9.995515E-01,9.982668E-01,9.944689E-01,9.855365E-01,9.674751E-01,9.359201E-01,8.863634E-01,8.185228E-01,7.336982E-01,6.381860E-01,5.350149E-01,4.270747E-01,3.295962E-01,2.407127E-01,1.709709E-01,1.145196E-01,6.993426E-02,4.388301E-02,2.542130E-02,1.303924E-02,5.360581E-03,2.746222E-03,1.124367E-03,3.749297E-04,0.000000E+00,0.000000E+00
-122.24350,38.00000,0.00000,1.000000E+00,1.000000E+00,1.000000E+00,1.000000E+00,1.000000E+00,1.000000E+00,1.000000E+00,1.000000E+00,1.000000E+00,1.000000E+00,9.999997E-01,9.999975E-01,9.999821E-01,9.998963E-01,9.995204E-01,9.981998E-01,9.944419E-01,9.853454E-01,9.674466E-01,9.359602E-01,8.881112E-01,8.234674E-01,7.409541E-01,6.468545E-01,5.431956E-01,4.381385E-01,3.332733E-01,2.449717E-01,1.671277E-01,1.069610E-01,6.783925E-02,3.848970E-02,2.004635E-02,9.950167E-03,4.863136E-03,2.122744E-03,9.995002E-04,4.998750E-04,1.249922E-04,0.000000E+00
-122.19320,37.01075,0.00000,1.000000E+00,1.000000E+00,1.000000E+00,1.000000E+00,1.000000E+00,1.000000E+00,1.000000E+00,1.000000E+00,1.000000E+00,1.000000E+00,1.000000E+00,1.000000E+00,9.999997E-01,9.999954E-01,9.999529E-01,9.996566E-01,9.981252E-01,9.922997E-01,9.756293E-01,9.392887E-01,8.754440E-01,7.786201E-01,6.637415E-01,5.414793E-01,4.224730E-01,3.239579E-01,2.356657E-01,1.669195E-01,1.119702E-01,7.074770E-02,4.424149E-02,2.590846E-02,1.328595E-02,6.230509E-03,2.870871E-03,1.374055E-03,6.248047E-04,2.499688E-04,1.249922E-04,1.249922E-04
-122.19289,37.05571,0.00000,1.000000E+00,1.000000E+00,1.000000E+00,1.000000E+00,1.000000E+00,1.000000E+00,1.000000E+00,1.000000E+00,1.000000E+00,1.000000E+00,1.000000E+00,1.000000E+00,9.999997E-01,9.999956E-01,9.999557E-01,9.996732E-01,9.982467E-01,9.929378E-01,9.774861E-01,9.420182E-01,8.784282E-01,7.871941E-01,6.749415E-01,5.576925E-01,4.365913E-01,3.280021E-01,2.403329E-01,1.698302E-01,1.141875E-01,7.306793E-02,4.459983E-02,2.432428E-02,1.340928E-02,6.354723E-03,3.120122E-03,9.995002E-04,3.749297E-04,2.499688E-04,1.249922E-04,1.249922E-04
-122.19260,37.10068,0.00000,1.000000E+00,1.000000E+00,1.000000E+00,1.000000E+00,1.000000E+00,1.000000E+00,1.000000E+00,1.000000E+00,1.000000E+00,1.000000E+00,1.000000E+00,1.000000E+00,9.999997E-01,9.999954E-01,9.999532E-01,9.996673E-01,9.982567E-01,9.930342E-01,9.782741E-01,9.447424E-01,8.851352E-01,7.985572E-01,6.892449E-01,5.696365E-01,4.518740E-01,3.463936E-01,2.537913E-01,1.793225E-01,1.222338E-01,7.976389E-02,4.805689E-02,2.724692E-02,1.513431E-02,7.471945E-03,2.621558E-03,1.124367E-03,2.499688E-04,0.000000E+00,0.000000E+00,0.000000E+00
-122.19229,37.14565,0.00000,1.000000E+00,1.000000E+00,1.000000E+00,1.000000E+00,1.000000E+00,1.000000E+00,1.000000E+00,1.000000E+00,1.000000E+00,1.000000E+00,1.000000E+00,1.000000E+00,9.999996E-01,9.999945E-01,9.999487E-01,9.996489E-01,9.982044E-01,9.929237E-01,9.777964E-01,9.438021E-01,8.854936E-01,7.987334E-01,6.904467E-01,5.712473E-01,4.554933E-01,3.495722E-01,2.568631E-01,1.810645E-01,1.201466E-01,7.260435E-02,4.232806E-02,2.261535E-02,1.155769E-02,5.733500E-03,2.870871E-03,6.248047E-04,3.749297E-04,2.499688E-04,0.000000E+00,0.000000E+00
-122.19199,37.19061,0.00000,1.000000E+00,1.000000E+00,1.000000E+00,1.000000E+00,1.000000E+00,1.000000E+00,1.000000E+00,1.000000E+00,1.000000E+00,1.000000E+00,1.000000E+00,9.999999E-01,9.999995E-01,9.999937E-01,9.999429E-01,9.996292E-01,9.981701E-01,9.931036E-01,9.790972E-01,9.477518E-01,8.924447E-01,8.124341E-01,7.096012E-01,5.966195E-01,4.814662E-01,3.775706E-01,2.836776E-01,2.061613E-01,1.464704E-01,9.888735E-02,6.222947E-02,3.584190E-02,2.004635E-02,1.093972E-02,5.236243E-03,1.873243E-03,2.499688E-04,1.249922E-04,0.000000E+00,0.000000E+00
-122.19169,37.23558,0.00000,1.000000E+00,1.000000E+00,1.000000E+00,1.000000E+00,1.000000E+00,1.000000E+00,1.000000E+00,1.000000E+00,1.000000E+00,1.000000E+00,1.000000E+00,9.999999E-01,9.999993E-01,9.999926E-01,9.999374E-01,9.996045E-01,9.980729E-01,9.928401E-01,9.781187E-01,9.461135E-01,8.901484E-01,8.072286E-01,7.051018E-01,5.897034E-01,4.806878E-01,3.781927E-01,2.909825E-01,2.166103E-01,1.562297E-01,1.068493E-01,6.923644E-02,4.077058E-02,2.175977E-02,1.254564E-02,6.106280E-03,2.746222E-03,1.249219E-03,4.998750E-04,1.249922E-04,0.000000E+00
-122.19138,37.28054,0.00000,1.000000E+00,1.000000E+00,1.000000E+00,1.000000E+00,1.000000E+00,1.000000E+00,1.000000E+00,1.000000E+00,1.000000E+00,1.000000E+00,1.000000E+00,9.999999E-01,9.999991E-01,9.999905E-01,9.999255E-01,9.995641E-01,9.980023E-01,9.926054E-01,9.782115E-01,9.473190E-01,8.928339E-01,8.121760E-01,7.087651E-01,5.999837E-01,4.919879E-01,3.933177E-01,3.083152E-01,2.372882E-01,1.788094E-01,1.316192E-01,9.108164E-02,6.176047E-02,3.764801E-02,2.029130E-02,9.578828E-03,4.863136E-03,2.372182E-03,9.995002E-04,3.749297E-04,0.000000E+00
-122.19108,37.32551,0.00000,1.000000E+00,1.000000E+00,1.000000E+00,1.000000E+00,1.000000E+00,1.000000E+00,1.000000E+00,1.000000E+00,1.000000E+00,1.000000E+00,1.000000E+00,9.999999E-01,9.999989E-01,9.999887E-01,9.999158E-01,9.995278E-01,9.978456E-01,9.923506E-01,9.776180E-01,9.467030E-01,8.919461E-01,8.124107E-01,7.119151E-01,6.030222E-01,4.964136E-01,3.958151E-01,3.088338E-01,2.450660E-01,1.897197E-01,1.404747E-01,1.022602E-01,7.051536E-02,4.615109E-02,2.627368E-02,1.464175E-02,7.223782E-03,3.867502E-03,2.247471E-03,7.497188E-04,4.998750E-04
-122.19077,37.37048,0.00000,1.000000E+00,1.000000E+00,1.000000E+00,1.000000E+00,1.000000E+00,1.000000E+00,1.000000E+00,1.000000E+00,1.000000E+00,1.000000E+00,1.000000E+00,9.999999E-01,9.999986E-01,9.999866E-01,9.999052E-01,9.994736E-01,9.976804E-01,9.920870E-01,9.776851E-01,9.475161E-01,8.937808E-01,8.168821E-01,7.226916E-01,6.164844E-01,5.055825E-01,4.066673E-01,3.209938E-01,2.477977E-01,1.858617E-01,1.404747E-01,1.000130E-01,6.830522E-02,4.340483E-02,2.615196E-02,1.538049E-02,8.092081E-03,3.244724E-03,1.623680E-03,6.248047E-04,2.499688E-04
-122.19047,37.41544,0.00000,1.000000E+00,1.000000E+00,1.000000E+00,1.000000E+00,1.000000E+00,1.000000E+00,1.000000E+00,1.000000E+00,1.000000E+00,1.000000E+00,1.000000E+00,9.999999E-01,9.999985E-01,9.999861E-01,9.999011E-01,9.994641E-01,9.976836E-01,9.921540E-01,9.780475E-01,9.488887E-01,8.996785E-01,8.250710E-01,7.309209E-01,6.261404E-01,5.177897E-01,4.150623E-01,3.183575E-01,2.431763E-01,1.806550E-01,1.327040E-01,9.312440E-02,5.952950E-02,3.644432E-02,1.869798E-02,1.019765E-02,3.742978E-03,1.873243E-03,6.248047E-04,2.499688E-04,0.000000E+00
-122.19016,37.46041,0.00000,1.000000E+00,1.000000E+00,1.000000E+00,1.000000E+00,1.000000E+00,1.000000E+00,1.000000E+00,1.000000E+00,1.000000E+00,1.000000E+00,1.000000E+00,9.999998E-01,9.999980E-01,9.999819E-01,9.998799E-01,9.993798E-01,9.974339E-01,9.915239E-01,9.768873E-01,9.460596E-01,8.950216E-01,8.210681E-01,7.272637E-01,6.211064E-01,5.102572E-01,4.027234E-01,3.027596E-01,2.165124E-01,1.481757E-01,1.012497E-01,6.222947E-02,3.584190E-02,1.832993E-02,8.835734E-03,3.742978E-03,2.122744E-03,2.499688E-04,0.000000E+00,0.000000E+00,0.000000E+00
-122.18986,37.50537,0.00000,1.000000E+00,1.000000E+00,1.000000E+00,1.000000E+00,1.000000E+00,1.000000E+00,1.000000E+00,1.000000E+00,1.000000E+00,1.000000E+00,1.000000E+00,9.999998E-01,9.999977E-01,9.999804E-01,9.998714E-01,9.993320E-01,9.973134E-01,9.911182E-01,9.760850E-01,9.458501E-01,8.962348E-01,8.241282E-01,7.317269E-01,6.284698E-01,5.213329E-01,4.130115E-01,3.108181E-01,2.180778E-01,1.431565E-01,8.983102E-02,5.339653E-02,2.906912E-02,1.390246E-02,7.471945E-03,2.746222E-03,7.497188E-04,2.499688E-04,0.000000E+00,0.000000E+00,0.000000E+00
-122.18955,37.55034,0.00000,1.000000E+00,1.000000E+00,1.000000E+00,1.000000E+00,1.000000E+00,1.000000E+00,1.000000E+00,1.000000E+00,1.000000E+00,1.000000E+00,1.000000E+00,9.999998E-01,9.999974E-01,9.999780E-01,9.998575E-01,9.993001E-01,9.972070E-01,9.910647E-01,9.766317E-01,9.478562E-01,9.005027E-01,8.323706E-01,7.437239E-01,6.417413E-01,5.325673E-01,4.193604E-01,3.125389E-01,2.179800E-01,1.414411E-01,8.857867E-02,5.161999E-02,2.578669E-02,1.180477E-02,5.857776E-03,3.493882E-03,1.623680E-03,1.249922E-04,0.000000E+00,0.000000E+00,0.000000E+00
-122.18924,37.59531,0.00000,1.000000E+00,1.000000E+00,1.000000E+00,1.000000E+00,1.000000E+00,1.000000E+00,1.000000E+00,1.000000E+00,1.000000E+00,1.000000E+00,1.000000E+00,9.999997E-01,9.999967E-01,9.999735E-01,9.998367E-01,9.992062E-01,9.969290E-01,9.904013E-01,9.754213E-01,9.464894E-01,8.993142E-01,8.320770E-01,7.483900E-01,6.480003E-01,5.401592E-01,4.263581E-01,3.220963E-01,2.313542E-01,1.512580E-01,9.164953E-02,5.138286E-02,2.420231E-02,1.242220E-02,4.614321E-03,1.873243E-03,4.998750E-04,0.000000E+00,0.000000E+00,0.000000E+00,0.000000E+00
-122.18893,37.64027,0.00000,1.000000E+00,1.000000E+00,1.000000E+00,1.000000E+00,1.000000E+00,1.000000E+00,1.000000E+00,1.000000E+00,1.000000E+00,1.000000E+00,9.999999E-01,9.999996E-01,9.999959E-01,9.999688E-01,9.998103E-01,9.991257E-01,9.967125E-01,9.899795E-01,9.746506E-01,9.457553E-01,8.982260E-01,8.321190E-01,7.491751E-01,6.512413E-01,5.489829E-01,4.364505E-01,3.340229E-01,2.364296E-01,1.539062E-01,9.832398E-02,5.126428E-02,2.736851E-02,1.316261E-02,5.111889E-03,2.247471E-03,7.497188E-04,1.249922E-04,0.000000E+00,0.000000E+00,0.000000E+00
-122.18862,37.68524,0.00000,1.000000E+00,1.000000E+00,1.000000E+00,1.000000E+00,1.000000E+00,1.000000E+00,1.000000E+00,1.000000E+00,1.000000E+00,1.000000E+00,9.999999E-01,9.999995E-01,9.999954E-01,9.999655E-01,9.998047E-01,9.991220E-01,9.966786E-01,9.899293E-01,9.749122E-01,9.468294E-01,9.010856E-01,8.387219E-01,7.581953E-01,6.656694E-01,5.643321E-01,4.607764E-01,3.570897E-01,2.626002E-01,1.806550E-01,1.165097E-01,7.086386E-02,3.873005E-02,2.004635E-02,9.331192E-03,3.493882E-03,1.374055E-03,6.248047E-04,1.249922E-04,1.249922E-04,0.000000E+00
-122.18831,37.73020,0.00000,1.000000E+00,1.000000E+00,1.000000E+00,1.000000E+00,1.000000E+00,1.000000E+00,1.000000E+00,1.000000E+00,1.000000E+00,1.000000E+00,9.999999E-01,9.999994E-01,9.999947E-01,9.999616E-01,9.997838E-01,9.990051E-01,9.963279E-01,9.893239E-01,9.733475E-01,9.448528E-01,8.994651E-01,8.356694E-01,7.566185E-01,6.626468E-01,5.632415E-01,4.631304E-01,3.634867E-01,2.695723E-01,1.934586E-01,1.307504E-01,8.194686E-02,4.912722E-02,2.590846E-02,1.279247E-02,4.987521E-03,2.122744E-03,7.497188E-04,3.749297E-04,2.499688E-04,2.499688E-04
-122.18800,37.77517,0.00000,1.000000E+00,1.000000E+00,1.000000E+00,1.000000E+00,1.000000E+00,1.000000E+00,1.000000E+00,1.000000E+00,1.000000E+00,1.000000E+00,9.999999E-01,9.999993E-01,9.999940E-01,9.999582E-01,9.997736E-01,9.990327E-01,9.965026E-01,9.898255E-01,9.744470E-01,9.467363E-01,9.034312E-01,8.422904E-01,7.653711E-01,6.749008E-01,5.772609E-01,4.744185E-01,3.733549E-01,2.885855E-01,2.120928E-01,1.481757E-01,9.899998E-02,6.035205E-02,3.644432E-02,2.114817E-02,1.168124E-02,5.609209E-03,2.372182E-03,1.124367E-03,3.749297E-04,0.000000E+00
-122.18769,37.82014,0.00000,1.000000E+00,1.000000E+00,1.000000E+00,1.000000E+00,1.000000E+00,1.000000E+00,1.000000E+00,1.000000E+00,1.000000E+00,1.000000E+00,9.999999E-01,9.999991E-01,9.999923E-01,9.999477E-01,9.997241E-01,9.988393E-01,9.959821E-01,9.886155E-01,9.730797E-01,9.436402E-01,8.993770E-01,8.362640E-01,7.591606E-01,6.669208E-01,5.637872E-01,4.629290E-01,3.667405E-01,2.787360E-01,2.070539E-01,1.428351E-01,9.210359E-02,5.670385E-02,3.197755E-02,1.636462E-02,7.844074E-03,3.618438E-03,1.748470E-03,1.124367E-03,2.499688E-04,0.000000E+00
-122.18738,37.86510,0.00000,1.000000E+00,1.000000E+00,1.000000E+00,1.000000E+00,1.000000E+00,1.000000E+00,1.000000E+00,1.000000E+00,1.000000E+00,1.000000E+00,9.999999E-01,9.999990E-01,9.999915E-01,9.999452E-01,9.997140E-01,9.988215E-01,9.959493E-01,9.886041E-01,9.727070E-01,9.446526E-01,9.008999E-01,8.389636E-01,7.590703E-01,6.644972E-01,5.624766E-01,4.582767E-01,3.588552E-01,2.682929E-01,1.952712E-01,1.391844E-01,9.039970E-02,5.481537E-02,3.100904E-02,1.747059E-02,7.471945E-03,2.995505E-03,2.499688E-04,0.000000E+00,0.000000E+00,0.000000E+00
-122.18707,37.91007,0.00000,1.000000E+00,1.000000E+00,1.000000E+00,1.000000E+00,1.000000E+00,1.000000E+00,1.000000E+00,1.000000E+00,1.000000E+00,1.000000E+00,9.999999E-01,9.999986E-01,9.999892E-01,9.999313E-01,9.996560E-01,9.986234E-01,9.954562E-01,9.874464E-01,9.706621E-01,9.412007E-01,8.966233E-01,8.328519E-01,7.551844E-01,6.658365E-01,5.596784E-01,4.550166E-01,3.508718E-01,2.557476E-01,1.773710E-01,1.170617E-01,7.086386E-02,4.148973E-02,2.151517E-02,9.702623E-03,4.365444E-03,2.870871E-03,1.124367E-03,4.998750E-04,0.000000E+00,0.000000E+00
-122.18675,37.95503,0.00000,1.000000E+00,1.000000E+00,1.000000E+00,1.000000E+00,1.000000E+00,1.000000E+00,1.000000E+00,1.000000E+00,1.000000E+00,1.000000E+00,9.999998E-01,9.999984E-01,9.999872E-01,9.999238E-01,9.996296E-01,9.985302E-01,9.952773E-01,9.871656E-01,9.701068E-01,9.392887E-01,8.923909E-01,8.281701E-01,7.465275E-01,6.507614E-01,5.485881E-01,4.426852E-01,3.401548E-01,2.416612E-01,1.661902E-01,1.079651E-01,6.608981E-02,3.704635E-02,1.882064E-02,7.968085E-03,3.742978E-03,1.998001E-03,3.749297E-04,1.249922E-04,0.000000E+00,0.000000E+00
-122.18643,38.00000,0.00000,1.000000E+00,1.000000E+00,1.000000E+00,1.000000E+00,1.000000E+00,1.000000E+00,1.000000E+00,1.000000E+00,1.000000E+00,1.000000E+00,9.999998E-01,9.999980E-01,9.999850E-01,9.999104E-01,9.995799E-01,9.983541E-01,9.948293E-01,9.861158E-01,9.688168E-01,9.377362E-01,8.898872E-01,8.244576E-01,7.424071E-01,6.497121E-01,5.471752E-01,4.414298E-01,3.391643E-01,2.461034E-01,1.734542E-01,1.124141E-01,6.702325E-02,3.885020E-02,2.041376E-02,1.032137E-02,3.992011E-03,1.998001E-03,1.124367E-03,2.499688E-04,0.000000E+00,0.000000E+00
-122.13689,37.01075,0.00000,1.000000E+00,1.000000E+00,1.000000E+00,1.000000E+00,1.000000E+00,1.000000E+00,1.000000E+00,1.000000E+00,1.000000E+00,1.000000E+00,1.000000E+00,1.000000E+00,9.999999E-01,9.999976E-01,9.999717E-01,9.997768E-01,9.986797E-01,9.943720E-01,9.813913E-01,9.508621E-01,8.933950E-01,8.047062E-01,6.924138E-01,5.732791E-01,4.488510E-01,3.423780E-01,2.459149E-01,1.675441E-01,1.080766E-01,6.281540E-02,3.560084E-02,1.820721E-02,9.702623E-03,4.116504E-03,1.748470E-03,6.248047E-04,2.499688E-04,1.249922E-04,1.249922E-04,1.249922E-04
-122.13655,37.05571,0.00000,1.000000E+00,1.000000E+00,1.000000E+00,1.000000E+00,1.000000E+00,1.000000E+00,1.000000E+00,1.000000E+00,1.000000E+00,1.000000E+00,1.000000E+00,1.000000E+00,9.999998E-01,9.999974E-01,9.999714E-01,9.997833E-01,9.987469E-01,9.946905E-01,9.821879E-01,9.536658E-01,8.989106E-01,8.168363E-01,7.092743E-01,5.904208E-01,4.727076E-01,3.650760E-01,2.671945E-01,1.836197E-01,1.228919E-01,7.376287E-02,4.244776E-02,2.322602E-02,1.069243E-02,4.489890E-03,1.748470E-03,7.497188E-04,2.499688E-04,0.000000E+00,0.000000E+00,0.000000E+00
-122.13622,37.10068,0.00000,1.000000E+00,1.000000E+00,1.000000E+00,1.000000E+00,1.000000E+00,1.000000E+00,1.000000E+00,1.000000E+00,1.000000E+00,1.000000E+00,1.000000E+00,1.000000E+00,9.999998E-01,9.999972E-01,9.999694E-01,9.997715E-01,9.987332E-01,9.946792E-01,9.824991E-01,9.537988E-01,9.005401E-01,8.188853E-01,7.122750E-01,5.978279E-01,4.804281E-01,3.724927E-01,2.798170E-01,2.018829E-01,1.369218E-01,8.663984E-02,4.995887E-02,2.712532E-02,1.501119E-02,7.844074E-03,3.618438E-03,1.249219E-03,4.998750E-04,1.249922E-04,0.000000E+00,0.000000E+00
-122.13588,37.14565,0.00000,1.000000E+00,1.000000E+00,1.000000E+00,1.000000E+00,1.000000E+00,1.000000E+00,1.000000E+00,1.000000E+00,1.000000E+00,1.000000E+00,1.000000E+00,1.000000E+00,9.999998E-01,9.999970E-01,9.999675E-01,9.997642E-01,9.987136E-01,9.946471E-01,9.825471E-01,9.546853E-01,9.035037E-01,8.263997E-01,7.247636E-01,6.118545E-01,4.982985E-01,3.930143E-01,2.954881E-01,2.169040E-01,1.527420E-01,9.606697E-02,5.682176E-02,3.209855E-02,1.722492E-02,9.083494E-03,3.369311E-03,1.748470E-03,3.749297E-04,0.000000E+00,0.000000E+00,0.000000E+00
-122.13554,37.19061,0.00000,1.000000E+00,1.000000E+00,1.000000E+00,1.000000E+00,1.000000E+00,1.000000E+00,1.000000E+00,1.000000E+00,1.000000E+00,1.000000E+00,1.000000E+00,1.000000E+00,9.999998E-01,9.999964E-01,9.999653E-01,9.997540E-01,9.986770E-01,9.947786E-01,9.830163E-01,9.551306E-01,9.034795E-01,8.268548E-01,7.260336E-01,6.143693E-01,5.028557E-01,4.056281E-01,3.163950E-01,2.411871E-01,1.752088E-01,1.188259E-01,7.918856E-02,5.043377E-02,2.761163E-02,1.390246E-02,6.478921E-03,2.995505E-03,1.374055E-03,8.746173E-04,7.497188E-04,4.998750E-04
-122.13521,37.23558,0.00000,1.000000E+00,1.000000E+00,1.000000E+00,1.000000E+00,1.000000E+00,1.000000E+00,1.000000E+00,1.000000E+00,1.000000E+00,1.000000E+00,1.000000E+00,1.000000E+00,9.999996E-01,9.999944E-01,9.999509E-01,9.996829E-01,9.984187E-01,9.938366E-01,9.811053E-01,9.532469E-01,9.028137E-01,8.260087E-01,7.272637E-01,6.151397E-01,5.072483E-01,4.045870E-01,3.174196E-01,2.431763E-01,1.771653E-01,1.294456E-01,8.869259E-02,5.799999E-02,3.523912E-02,1.894328E-02,1.143413E-02,4.738736E-03,2.496878E-03,1.249219E-03,7.497188E-04,3.749297E-04
-122.13487,37.28054,0.00000,1.000000E+00,1.000000E+00,1.000000E+00,1.000000E+00,1.000000E+00,1.000000E+00,1.000000E+00,1.000000E+00,1.000000E+00,1.000000E+00,1.000000E+00,1.000000E+00,9.999995E-01,9.999945E-01,9.999524E-01,9.996917E-01,9.984905E-01,9.941984E-01,9.821589E-01,9.549789E-01,9.057331E-01,8.319300E-01,7.334318E-01,6.266541E-01,5.217516E-01,4.171060E-01,3.302662E-01,2.594595E-01,2.014838E-01,1.510458E-01,1.070726E-01,7.156044E-02,4.924607E-02,2.955447E-02,1.501119E-02,6.851421E-03,2.995505E-03,1.748470E-03,1.374055E-03,3.749297E-04
-122.13454,37.32551,0.00000,1.000000E+00,1.000000E+00,1.000000E+00,1.000000E+00,1.000000E+00,1.000000E+00,1.000000E+00,1.000000E+00,1.000000E+00,1.000000E+00,1.000000E+00,9.999999E-01,9.999993E-01,9.999925E-01,9.999411E-01,9.996476E-01,9.983898E-01,9.940135E-01,9.819886E-01,9.550015E-01,9.075419E-01,8.366524E-01,7.430503E-01,6.354166E-01,5.218114E-01,4.185615E-01,3.275819E-01,2.505195E-01,1.859634E-01,1.416557E-01,1.019235E-01,6.748962E-02,4.376349E-02,2.469009E-02,1.377919E-02,6.478921E-03,2.496878E-03,8.746173E-04,6.248047E-04,2.499688E-04
-122.13419,37.37048,0.00000,1.000000E+00,1.000000E+00,1.000000E+00,1.000000E+00,1.000000E+00,1.000000E+00,1.000000E+00,1.000000E+00,1.000000E+00,1.000000E+00,1.000000E+00,9.999999E-01,9.999990E-01,9.999908E-01,9.999295E-01,9.995981E-01,9.982131E-01,9.935601E-01,9.812910E-01,9.543899E-01,9.060389E-01,8.359157E-01,7.447151E-01,6.443293E-01,5.315145E-01,4.290765E-01,3.341894E-01,2.448773E-01,1.800402E-01,1.198166E-01,8.160252E-02,5.327820E-02,3.330767E-02,1.747059E-02,7.720046E-03,3.493882E-03,1.873243E-03,7.497188E-04,1.249922E-04,0.000000E+00
-122.13386,37.41544,0.00000,1.000000E+00,1.000000E+00,1.000000E+00,1.000000E+00,1.000000E+00,1.000000E+00,1.000000E+00,1.000000E+00,1.000000E+00,1.000000E+00,1.000000E+00,9.999999E-01,9.999990E-01,9.999899E-01,9.999248E-01,9.995794E-01,9.981487E-01,9.935907E-01,9.813377E-01,9.558925E-01,9.108558E-01,8.429200E-01,7.542953E-01,6.501060E-01,5.368133E-01,4.277189E-01,3.252243E-01,2.316424E-01,1.600182E-01,1.055086E-01,6.597307E-02,3.873005E-02,2.224876E-02,1.266906E-02,7.720046E-03,3.244724E-03,1.249219E-03,7.497188E-04,1.249922E-04,0.000000E+00
-122.13351,37.46041,0.00000,1.000000E+00,1.000000E+00,1.000000E+00,1.000000E+00,1.000000E+00,1.000000E+00,1.000000E+00,1.000000E+00,1.000000E+00,1.000000E+00,1.000000E+00,9.999999E-01,9.999987E-01,9.999883E-01,9.999169E-01,9.995405E-01,9.980003E-01,9.930560E-01,9.807693E-01,9.540637E-01,9.100049E-01,8.428414E-01,7.543567E-01,6.536308E-01,5.429671E-01,4.269315E-01,3.205693E-01,2.238232E-01,1.442269E-01,9.130884E-02,5.114568E-02,2.761163E-02,1.279247E-02,5.609209E-03,2.995505E-03,1.748470E-03,8.746173E-04,2.499688E-04,1.249922E-04,0.000000E+00
-122.13317,37.50537,0.00000,1.000000E+00,1.000000E+00,1.000000E+00,1.000000E+00,1.000000E+00,1.000000E+00,1.000000E+00,1.000000E+00,1.000000E+00,1.000000E+00,1.000000E+00,9.999999E-01,9.999985E-01,9.999856E-01,9.999011E-01,9.994746E-01,9.978633E-01,9.928150E-01,9.802702E-01,9.544070E-01,9.098135E-01,8.441522E-01,7.604816E-01,6.610406E-01,5.503901E-01,4.364505E-01,3.265725E-01,2.359523E-01,1.532713E-01,9.221707E-02,5.043377E-02,2.821919E-02,1.402571E-02,6.106280E-03,2.870871E-03,8.746173E-04,3.749297E-04,0.000000E+00,0.000000E+00,0.000000E+00
-122.13284,37.55034,0.00000,1.000000E+00,1.000000E+00,1.000000E+00,1.000000E+00,1.000000E+00,1.000000E+00,1.000000E+00,1.000000E+00,1.000000E+00,1.000000E+00,1.000000E+00,9.999998E-01,9.999982E-01,9.999834E-01,9.998882E-01,9.994275E-01,9.976107E-01,9.921422E-01,9.791573E-01,9.534684E-01,9.095086E-01,8.463764E-01,7.672115E-01,6.680846E-01,5.620388E-01,4.524902E-01,3.455761E-01,2.403329E-01,1.593879E-01,9.595397E-02,5.315986E-02,2.821919E-02,1.390246E-02,5.484903E-03,1.498876E-03,4.998750E-04,2.499688E-04,1.249922E-04,0.000000E+00,0.000000E+00
-122.13249,37.59531,0.00000,1.000000E+00,1.000000E+00,1.000000E+00,1.000000E+00,1.000000E+00,1.000000E+00,1.000000E+00,1.000000E+00,1.000000E+00,1.000000E+00,1.000000E+00,9.999998E-01,9.999978E-01,9.999810E-01,9.998757E-01,9.993954E-01,9.975873E-01,9.921628E-01,9.788396E-01,9.532878E-01,9.102632E-01,8.490226E-01,7.708206E-01,6.805406E-01,5.751419E-01,4.683394E-01,3.621327E-01,2.656357E-01,1.830072E-01,1.151835E-01,6.410314E-02,3.511852E-02,1.747059E-02,7.844074E-03,2.870871E-03,1.249219E-03,3.749297E-04,0.000000E+00,0.000000E+00,0.000000E+00
-122.13215,37.64027,0.00000,1.000000E+00,1.000000E+00,1.000000E+00,1.000000E+00,1.000000E+00,1.000000E+00,1.000000E+00,1.000000E+00,1.000000E+00,1.000000E+00,1.000000E+00,9.999997E-01,9.999970E-01,9.999762E-01,9.998550E-01,9.992983E-01,9.972888E-01,9.915767E-01,9.777185E-01,9.510093E-01,9.082098E-01,8.489470E-01,7.721630E-01,6.836006E-01,5.858388E-01,4.843103E-01,3.846875E-01,2.924875E-01,2.088360E-01,1.393996E-01,8.675401E-02,4.591260E-02,2.481199E-02,1.106335E-02,4.863136E-03,1.998001E-03,9.995002E-04,1.249922E-04,0.000000E+00,0.000000E+00
-122.13181,37.68524,0.00000,1.000000E+00,1.000000E+00,1.000000E+00,1.000000E+00,1.000000E+00,1.000000E+00,1.000000E+00,1.000000E+00,1.000000E+00,1.000000E+00,9.999999E-01,9.999996E-01,9.999960E-01,9.999691E-01,9.998190E-01,9.991540E-01,9.968989E-01,9.904348E-01,9.759741E-01,9.487416E-01,9.047261E-01,8.429396E-01,7.676476E-01,6.759152E-01,5.801572E-01,4.809474E-01,3.853793E-01,2.951357E-01,2.173933E-01,1.529538E-01,1.031575E-01,6.398614E-02,3.644432E-02,1.599569E-02,8.463977E-03,4.489890E-03,2.122744E-03,3.749297E-04,0.000000E+00,0.000000E+00
-122.13145,37.73020,0.00000,1.000000E+00,1.000000E+00,1.000000E+00,1.000000E+00,1.000000E+00,1.000000E+00,1.000000E+00,1.000000E+00,1.000000E+00,1.000000E+00,9.999999E-01,9.999996E-01,9.999959E-01,9.999696E-01,9.998271E-01,9.992168E-01,9.970663E-01,9.911348E-01,9.774833E-01,9.512110E-01,9.097909E-01,8.503004E-01,7.779272E-01,6.903693E-01,5.982298E-01,5.012997E-01,4.024247E-01,3.111626E-01,2.329858E-01,1.580208E-01,1.080766E-01,6.410314E-02,3.692598E-02,1.955625E-02,9.702623E-03,4.240981E-03,1.124367E-03,3.749297E-04,2.499688E-04,0.000000E+00
-122.13111,37.77517,0.00000,1.000000E+00,1.000000E+00,1.000000E+00,1.000000E+00,1.000000E+00,1.000000E+00,1.000000E+00,1.000000E+00,1.000000E+00,1.000000E+00,9.999999E-01,9.999994E-01,9.999942E-01,9.999590E-01,9.997700E-01,9.989901E-01,9.963903E-01,9.896395E-01,9.746569E-01,9.465228E-01,9.032984E-01,8.435666E-01,7.683725E-01,6.790195E-01,5.831380E-01,4.861120E-01,3.934693E-01,3.076232E-01,2.279840E-01,1.571784E-01,1.040539E-01,6.550593E-02,3.788857E-02,1.882064E-02,1.081608E-02,5.982036E-03,1.748470E-03,8.746173E-04,2.499688E-04,2.499688E-04
-122.13077,37.82014,0.00000,1.000000E+00,1.000000E+00,1.000000E+00,1.000000E+00,1.000000E+00,1.000000E+00,1.000000E+00,1.000000E+00,1.000000E+00,1.000000E+00,9.999999E-01,9.999992E-01,9.999934E-01,9.999543E-01,9.997518E-01,9.989473E-01,9.962938E-01,9.892972E-01,9.738067E-01,9.464693E-01,9.035277E-01,8.438011E-01,7.694990E-01,6.838378E-01,5.891902E-01,4.900793E-01,3.924070E-01,3.024109E-01,2.199326E-01,1.558077E-01,1.048375E-01,6.363507E-02,3.897033E-02,2.041376E-02,1.044507E-02,4.240981E-03,1.124367E-03,4.998750E-04,0.000000E+00,0.000000E+00
-122.13042,37.86510,0.00000,1.000000E+00,1.000000E+00,1.000000E+00,1.000000E+00,1.000000E+00,1.000000E+00,1.000000E+00,1.000000E+00,1.000000E+00,1.000000E+00,9.999999E-01,9.999991E-01,9.999922E-01,9.999484E-01,9.997281E-01,9.988478E-01,9.960067E-01,9.887863E-01,9.728974E-01,9.444863E-01,9.006270E-01,8.397868E-01,7.629834E-01,6.718797E-01,5.745573E-01,4.721140E-01,3.717864E-01,2.804469E-01,2.007848E-01,1.345451E-01,8.800886E-02,4.781887E-02,2.481199E-02,1.303924E-02,6.230509E-03,1.873243E-03,4.998750E-04,0.000000E+00,0.000000E+00,0.000000E+00
-122.13007,37.91007,0.00000,1.000000E+00,1.000000E+00,1.000000E+00,1.000000E+00,1.000000E+00,1.000000E+00,1.000000E+00,1.000000E+00,1.000000E+00,1.000000E+00,9.999999E-01,9.999990E-01,9.999917E-01,9.999456E-01,9.997160E-01,9.988427E-01,9.960799E-01,9.889340E-01,9.737772E-01,9.456127E-01,9.031048E-01,8.412818E-01,7.654591E-01,6.706470E-01,5.688826E-01,4.644709E-01,3.616541E-01,2.639815E-01,1.848434E-01,1.178340E-01,7.318379E-02,4.232806E-02,2.163748E-02,1.069243E-02,4.987521E-03,2.372182E-03,7.497188E-04,3.749297E-04,1.249922E-04,0.000000E+00
-122.12972,37.95503,0.00000,1.000000E+00,1.000000E+00,1.000000E+00,1.000000E+00,1.000000E+00,1.000000E+00,1.000000E+00,1.000000E+00,1.000000E+00,1.000000E+00,9.999998E-01,9.999985E-01,9.999886E-01,9.999287E-01,9.996452E-01,9.985829E-01,9.953284E-01,9.873155E-01,9.700395E-01,9.407654E-01,8.933284E-01,8.299861E-01,7.485786E-01,6.576340E-01,5.543070E-01,4.458113E-01,3.400723E-01,2.445941E-01,1.641031E-01,1.038299E-01,6.246389E-02,3.620340E-02,1.980133E-02,8.959621E-03,3.120122E-03,7.497188E-04,2.499688E-04,2.499688E-04,0.000000E+00,0.000000E+00
-122.12937,38.00000,0.00000,1.000000E+00,1.000000E+00,1.000000E+00,1.000000E+00,1.000000E+00,1.000000E+00,1.000000E+00,1.000000E+00,1.000000E+00,1.000000E+00,9.999998E-01,9.999982E-01,9.999864E-01,9.999177E-01,9.996029E-01,9.984305E-01,9.949683E-01,9.864789E-01,9.690072E-01,9.379382E-01,8.921890E-01,8.275029E-01,7.480753E-01,6.506304E-01,5.480800E-01,4.435205E-01,3.432816E-01,2.469510E-01,1.728341E-01,1.129687E-01,6.655665E-02,3.957079E-02,2.065863E-02,8.835734E-03,3.120122E-03,1.124367E-03,1.249922E-04,1.249922E-04,1.249922E-04,0.000000E+00
-122.08057,37.01075,0.00000,1.000000E+00,1.000000E+00,1.000000E+00,1.000000E+00,1.000000E+00,1.000000E+00,1.000000E+00,1.000000E+00,1.000000E+00,1.000000E+00,1.000000E+00,1.000000E+00,9.999999E-01,9.999986E-01,9.999826E-01,9.998516E-01,9.990976E-01,9.958696E-01,9.854894E-01,9.602839E-01,9.095764E-01,8.300286E-01,7.232803E-01,6.060377E-01,4.840524E-01,3.717078E-01,2.709405E-01,1.895171E-01,1.219046E-01,7.491995E-02,4.172933E-02,1.931110E-02,1.007392E-02,3.867502E-03,1.748470E-03,7.497188E-04,2.499688E-04,0.000000E+00,0.000000E+00,0.000000E+00
-122.08021,37.05571,0.00000,1.000000E+00,1.000000E+00,1.000000E+00,1.000000E+00,1.000000E+00,1.000000E+00,1.000000E+00,1.000000E+00,1.000000E+00,1.000000E+00,1.000000E+00,1.000000E+00,9.999999E-01,9.999985E-01,9.999824E-01,9.998550E-01,9.990975E-01,9.960528E-01,9.859867E-01,9.612015E-01,9.124570E-01,8.360387E-01,7.346618E-01,6.168677E-01,4.967912E-01,3.856098E-01,2.883186E-01,2.021822E-01,1.414411E-01,8.880650E-02,5.552400E-02,2.785470E-02,1.340928E-02,5.733500E-03,1.498876E-03,3.749297E-04,0.000000E+00,0.000000E+00,0.000000E+00,0.000000E+00
-122.07984,37.10068,0.00000,1.000000E+00,1.000000E+00,1.000000E+00,1.000000E+00,1.000000E+00,1.000000E+00,1.000000E+00,1.000000E+00,1.000000E+00,1.000000E+00,1.000000E+00,1.000000E+00,9.999999E-01,9.999983E-01,9.999796E-01,9.998373E-01,9.990320E-01,9.957687E-01,9.853966E-01,9.602044E-01,9.131654E-01,8.370399E-01,7.390692E-01,6.241725E-01,5.098898E-01,4.050334E-01,3.083152E-01,2.279840E-01,1.624296E-01,1.086339E-01,6.923644E-02,4.232806E-02,2.322602E-02,1.168124E-02,4.614321E-03,1.374055E-03,7.497188E-04,0.000000E+00,0.000000E+00,0.000000E+00
-122.07947,37.14565,0.00000,1.000000E+00,1.000000E+00,1.000000E+00,1.000000E+00,1.000000E+00,1.000000E+00,1.000000E+00,1.000000E+00,1.000000E+00,1.000000E+00,1.000000E+00,1.000000E+00,9.999999E-01,9.999980E-01,9.999777E-01,9.998235E-01,9.989995E-01,9.957128E-01,9.859165E-01,9.616739E-01,9.159737E-01,8.427039E-01,7.481068E-01,6.389992E-01,5.295780E-01,4.287909E-01,3.354366E-01,2.541643E-01,1.904283E-01,1.372454E-01,9.335110E-02,5.847088E-02,3.379089E-02,1.882064E-02,9.331192E-03,5.484903E-03,2.372182E-03,4.998750E-04,3.749297E-04,2.499688E-04
-122.07910,37.19061,0.00000,1.000000E+00,1.000000E+00,1.000000E+00,1.000000E+00,1.000000E+00,1.000000E+00,1.000000E+00,1.000000E+00,1.000000E+00,1.000000E+00,1.000000E+00,1.000000E+00,9.999999E-01,9.999979E-01,9.999776E-01,9.998268E-01,9.990464E-01,9.958551E-01,9.863378E-01,9.636023E-01,9.206887E-01,8.519936E-01,7.594314E-01,6.520686E-01,5.421094E-01,4.379278E-01,3.460667E-01,2.633372E-01,1.969795E-01,1.439059E-01,1.019235E-01,6.667332E-02,3.981087E-02,2.298180E-02,1.168124E-02,6.851421E-03,3.244724E-03,1.124367E-03,2.499688E-04,0.000000E+00
-122.07873,37.23558,0.00000,1.000000E+00,1.000000E+00,1.000000E+00,1.000000E+00,1.000000E+00,1.000000E+00,1.000000E+00,1.000000E+00,1.000000E+00,1.000000E+00,1.000000E+00,1.000000E+00,9.999998E-01,9.999973E-01,9.999730E-01,9.998063E-01,9.989347E-01,9.956262E-01,9.860966E-01,9.638698E-01,9.213108E-01,8.545612E-01,7.645190E-01,6.575912E-01,5.494337E-01,4.421276E-01,3.463119E-01,2.670113E-01,2.014838E-01,1.514701E-01,1.117482E-01,7.918856E-02,4.972133E-02,2.979705E-02,1.636462E-02,8.092081E-03,2.372182E-03,7.497188E-04,2.499688E-04,1.249922E-04
-122.07836,37.28054,0.00000,1.000000E+00,1.000000E+00,1.000000E+00,1.000000E+00,1.000000E+00,1.000000E+00,1.000000E+00,1.000000E+00,1.000000E+00,1.000000E+00,1.000000E+00,1.000000E+00,9.999998E-01,9.999969E-01,9.999701E-01,9.997988E-01,9.989411E-01,9.957096E-01,9.865261E-01,9.643141E-01,9.244530E-01,8.610998E-01,7.724192E-01,6.657530E-01,5.578031E-01,4.539938E-01,3.559636E-01,2.688415E-01,1.980829E-01,1.452959E-01,1.028211E-01,6.970171E-02,4.579334E-02,2.870495E-02,1.414895E-02,6.975557E-03,3.493882E-03,1.998001E-03,6.248047E-04,0.000000E+00
-122.07799,37.32551,0.00000,1.000000E+00,1.000000E+00,1.000000E+00,1.000000E+00,1.000000E+00,1.000000E+00,1.000000E+00,1.000000E+00,1.000000E+00,1.000000E+00,1.000000E+00,1.000000E+00,9.999996E-01,9.999947E-01,9.999533E-01,9.997012E-01,9.985426E-01,9.944800E-01,9.832545E-01,9.576749E-01,9.117649E-01,8.443079E-01,7.561312E-01,6.534576E-01,5.462120E-01,4.345452E-01,3.338564E-01,2.519235E-01,1.818831E-01,1.237685E-01,8.114321E-02,5.292311E-02,3.282420E-02,1.882064E-02,9.455018E-03,4.489890E-03,2.122744E-03,1.124367E-03,4.998750E-04,4.998750E-04
-122.07761,37.37048,0.00000,1.000000E+00,1.000000E+00,1.000000E+00,1.000000E+00,1.000000E+00,1.000000E+00,1.000000E+00,1.000000E+00,1.000000E+00,1.000000E+00,1.000000E+00,9.999999E-01,9.999993E-01,9.999933E-01,9.999470E-01,9.996887E-01,9.985203E-01,9.943874E-01,9.833567E-01,9.592174E-01,9.162359E-01,8.511401E-01,7.675604E-01,6.675863E-01,5.532473E-01,4.433118E-01,3.309356E-01,2.348053E-01,1.597031E-01,1.013620E-01,6.328387E-02,3.342849E-02,1.697920E-02,1.019765E-02,5.857776E-03,1.998001E-03,9.995002E-04,4.998750E-04,2.499688E-04,1.249922E-04
-122.07724,37.41544,0.00000,1.000000E+00,1.000000E+00,1.000000E+00,1.000000E+00,1.000000E+00,1.000000E+00,1.000000E+00,1.000000E+00,1.000000E+00,1.000000E+00,1.000000E+00,9.999999E-01,9.999992E-01,9.999922E-01,9.999404E-01,9.996498E-01,9.984018E-01,9.942526E-01,9.831474E-01,9.593650E-01,9.181097E-01,8.561702E-01,7.715071E-01,6.701938E-01,5.632415E-01,4.502271E-01,3.374273E-01,2.385266E-01,1.575997E-01,9.459689E-02,5.244946E-02,2.639539E-02,1.143413E-02,4.987521E-03,2.372182E-03,6.248047E-04,1.249922E-04,0.000000E+00,0.000000E+00,0.000000E+00
-122.07687,37.46041,0.00000,1.000000E+00,1.000000E+00,1.000000E+00,1.000000E+00,1.000000E+00,1.000000E+00,1.000000E+00,1.000000E+00,1.000000E+00,1.000000E+00,1.000000E+00,9.999999E-01,9.999990E-01,9.999907E-01,9.999323E-01,9.996141E-01,9.982517E-01,9.938895E-01,9.823210E-01,9.581327E-01,9.166536E-01,8.547248E-01,7.726467E-01,6.733938E-01,5.629139E-01,4.474023E-01,3.362668E-01,2.329858E-01,1.535888E-01,8.960345E-02,4.853274E-02,2.408033E-02,1.106335E-02,3.618438E-03,1.873243E-03,2.499688E-04,0.000000E+00,0.000000E+00,0.000000E+00,0.000000E+00
-122.07649,37.50537,0.00000,1.000000E+00,1.000000E+00,1.000000E+00,1.000000E+00,1.000000E+00,1.000000E+00,1.000000E+00,1.000000E+00,1.000000E+00,1.000000E+00,1.000000E+00,9.999999E-01,9.999988E-01,9.999888E-01,9.999195E-01,9.995615E-01,9.981346E-01,9.935368E-01,9.817483E-01,9.576961E-01,9.157633E-01,8.544885E-01,7.750776E-01,6.768456E-01,5.704426E-01,4.623245E-01,3.508718E-01,2.519235E-01,1.652517E-01,1.014743E-01,5.434266E-02,2.724692E-02,1.303924E-02,4.240981E-03,1.124367E-03,1.249922E-04,1.249922E-04,0.000000E+00,0.000000E+00,0.000000E+00
-122.07612,37.55034,0.00000,1.000000E+00,1.000000E+00,1.000000E+00,1.000000E+00,1.000000E+00,1.000000E+00,1.000000E+00,1.000000E+00,1.000000E+00,1.000000E+00,1.000000E+00,9.999999E-01,9.999984E-01,9.999855E-01,9.999038E-01,9.994794E-01,9.978502E-01,9.928409E-01,9.806367E-01,9.560960E-01,9.142548E-01,8.532647E-01,7.760316E-01,6.864746E-01,5.838668E-01,4.782152E-01,3.716293E-01,2.722153E-01,1.836197E-01,1.134121E-01,7.063154E-02,3.933065E-02,2.102581E-02,1.093972E-02,3.493882E-03,1.124367E-03,7.497188E-04,0.000000E+00,0.000000E+00,0.000000E+00
-122.07574,37.59531,0.00000,1.000000E+00,1.000000E+00,1.000000E+00,1.000000E+00,1.000000E+00,1.000000E+00,1.000000E+00,1.000000E+00,1.000000E+00,1.000000E+00,1.000000E+00,9.999998E-01,9.999980E-01,9.999821E-01,9.998812E-01,9.993914E-01,9.975700E-01,9.923199E-01,9.793208E-01,9.534859E-01,9.113004E-01,8.514004E-01,7.753586E-01,6.890117E-01,5.961149E-01,5.001764E-01,4.015277E-01,3.111626E-01,2.245990E-01,1.490271E-01,9.674466E-02,5.646800E-02,2.967576E-02,1.574966E-02,7.720046E-03,3.244724E-03,3.749297E-04,1.249922E-04,0.000000E+00,0.000000E+00
-122.07536,37.64027,0.00000,1.000000E+00,1.000000E+00,1.000000E+00,1.000000E+00,1.000000E+00,1.000000E+00,1.000000E+00,1.000000E+00,1.000000E+00,1.000000E+00,1.000000E+00,9.999998E-01,9.999976E-01,9.999790E-01,9.998668E-01,9.993593E-01,9.974800E-01,9.920045E-01,9.789189E-01,9.538854E-01,9.127955E-01,8.547248E-01,7.786201E-01,6.944066E-01,6.024263E-01,5.120293E-01,4.171789E-01,3.316879E-01,2.507069E-01,1.775767E-01,1.158469E-01,7.237247E-02,4.053074E-02,2.151517E-02,9.455018E-03,5.236243E-03,1.124367E-03,2.499688E-04,0.000000E+00,0.000000E+00
-122.07498,37.68524,0.00000,1.000000E+00,1.000000E+00,1.000000E+00,1.000000E+00,1.000000E+00,1.000000E+00,1.000000E+00,1.000000E+00,1.000000E+00,1.000000E+00,1.000000E+00,9.999998E-01,9.999973E-01,9.999784E-01,9.998654E-01,9.993362E-01,9.974702E-01,9.920474E-01,9.793982E-01,9.545946E-01,9.134364E-01,8.569234E-01,7.827866E-01,6.967279E-01,6.049528E-01,5.160990E-01,4.246346E-01,3.349380E-01,2.524843E-01,1.811669E-01,1.238781E-01,7.607558E-02,4.662790E-02,2.444623E-02,1.180477E-02,5.111889E-03,1.873243E-03,8.746173E-04,2.499688E-04,0.000000E+00
-122.07460,37.73020,0.00000,1.000000E+00,1.000000E+00,1.000000E+00,1.000000E+00,1.000000E+00,1.000000E+00,1.000000E+00,1.000000E+00,1.000000E+00,1.000000E+00,9.999999E-01,9.999996E-01,9.999963E-01,9.999721E-01,9.998369E-01,9.992427E-01,9.971891E-01,9.914441E-01,9.782197E-01,9.529067E-01,9.123585E-01,8.555577E-01,7.828137E-01,6.987681E-01,6.062346E-01,5.122733E-01,4.209549E-01,3.323559E-01,2.524843E-01,1.815762E-01,1.220143E-01,7.699904E-02,4.543544E-02,2.566491E-02,1.390246E-02,6.975557E-03,2.621558E-03,1.249219E-03,2.499688E-04,2.499688E-04
-122.07423,37.77517,0.00000,1.000000E+00,1.000000E+00,1.000000E+00,1.000000E+00,1.000000E+00,1.000000E+00,1.000000E+00,1.000000E+00,1.000000E+00,1.000000E+00,9.999999E-01,9.999996E-01,9.999959E-01,9.999700E-01,9.998230E-01,9.991931E-01,9.970568E-01,9.912274E-01,9.779898E-01,9.526055E-01,9.122927E-01,8.554313E-01,7.827594E-01,6.998206E-01,6.080025E-01,5.120903E-01,4.144039E-01,3.222657E-01,2.405228E-01,1.704526E-01,1.141875E-01,6.935278E-02,4.017087E-02,2.200430E-02,1.118696E-02,5.609209E-03,1.873243E-03,6.248047E-04,3.749297E-04,1.249922E-04
-122.07384,37.82014,0.00000,1.000000E+00,1.000000E+00,1.000000E+00,1.000000E+00,1.000000E+00,1.000000E+00,1.000000E+00,1.000000E+00,1.000000E+00,1.000000E+00,9.999999E-01,9.999993E-01,9.999942E-01,9.999591E-01,9.997674E-01,9.990022E-01,9.965009E-01,9.897181E-01,9.748809E-01,9.473519E-01,9.051658E-01,8.461651E-01,7.710782E-01,6.831653E-01,5.853208E-01,4.880995E-01,3.917231E-01,3.038047E-01,2.243082E-01,1.569677E-01,1.058440E-01,6.597307E-02,4.005088E-02,2.212654E-02,1.069243E-02,4.863136E-03,2.621558E-03,8.746173E-04,0.000000E+00,0.000000E+00
-122.07346,37.86510,0.00000,1.000000E+00,1.000000E+00,1.000000E+00,1.000000E+00,1.000000E+00,1.000000E+00,1.000000E+00,1.000000E+00,1.000000E+00,1.000000E+00,9.999999E-01,9.999992E-01,9.999927E-01,9.999502E-01,9.997284E-01,9.988265E-01,9.960002E-01,9.888200E-01,9.734738E-01,9.454015E-01,9.022532E-01,8.420734E-01,7.666580E-01,6.753070E-01,5.765204E-01,4.745499E-01,3.715507E-01,2.794569E-01,1.966783E-01,1.296632E-01,8.206160E-02,4.888947E-02,2.700370E-02,1.266906E-02,5.733500E-03,1.998001E-03,1.124367E-03,6.248047E-04,2.499688E-04,1.249922E-04
-122.07307,37.91007,0.00000,1.000000E+00,1.000000E+00,1.000000E+00,1.000000E+00,1.000000E+00,1.000000E+00,1.000000E+00,1.000000E+00,1.000000E+00,1.000000E+00,9.999999E-01,9.999990E-01,9.999917E-01,9.999456E-01,9.997190E-01,9.988269E-01,9.959977E-01,9.887316E-01,9.730191E-01,9.443890E-01,9.005649E-01,8.403466E-01,7.635752E-01,6.702762E-01,5.697978E-01,4.630633E-01,3.589354E-01,2.637054E-01,1.866754E-01,1.223435E-01,7.260435E-02,4.352440E-02,2.065863E-02,9.702623E-03,4.365444E-03,2.247471E-03,9.995002E-04,4.998750E-04,1.249922E-04,0.000000E+00
-122.07269,37.95503,0.00000,1.000000E+00,1.000000E+00,1.000000E+00,1.000000E+00,1.000000E+00,1.000000E+00,1.000000E+00,1.000000E+00,1.000000E+00,1.000000E+00,9.999999E-01,9.999988E-01,9.999903E-01,9.999382E-01,9.996853E-01,9.987010E-01,9.956881E-01,9.881893E-01,9.723568E-01,9.436402E-01,9.005027E-01,8.387420E-01,7.578929E-01,6.631525E-01,5.600635E-01,4.559695E-01,3.527353E-01,2.553753E-01,1.781932E-01,1.167306E-01,6.900372E-02,3.860988E-02,2.212654E-02,1.168124E-02,4.365444E-03,1.748470E-03,7.497188E-04,2.499688E-04,2.499688E-04,1.249922E-04
-122.07231,38.00000,0.00000,1.000000E+00,1.000000E+00,1.000000E+00,1.000000E+00,1.000000E+00,1.000000E+00,1.000000E+00,1.000000E+00,1.000000E+00,1.000000E+00,9.999998E-01,9.999986E-01,9.999886E-01,9.999260E-01,9.996351E-01,9.985483E-01,9.952732E-01,9.869553E-01,9.701293E-01,9.388546E-01,8.914995E-01,8.250054E-01,7.424715E-01,6.483961E-01,5.419376E-01,4.355339E-01,3.330232E-01,2.419455E-01,1.655646E-01,1.071842E-01,6.608981E-02,3.776830E-02,2.151517E-02,9.950167E-03,4.489890E-03,2.122744E-03,8.746173E-04,4.998750E-04,2.499688E-04,1.249922E-04
-122.02426,37.01075,0.00000,1.000000E+00,1.000000E+00,1.000000E+00,1.000000E+00,1.000000E+00,1.000000E+00,1.000000E+00,1.000000E+00,1.000000E+00,1.000000E+00,1.000000E+00,1.000000E+00,9.999999E-01,9.999992E-01,9.999899E-01,9.999074E-01,9.993952E-01,9.970645E-01,9.890810E-01,9.681112E-01,9.261615E-01,8.554313E-01,7.593713E-01,6.446848E-01,5.203147E-01,4.045870E-01,3.035435E-01,2.169040E-01,1.456164E-01,8.721051E-02,4.995887E-02,2.870495E-02,1.648757E-02,7.968085E-03,2.621558E-03,6.248047E-04,1.249922E-04,1.249922E-04,0.000000E+00,0.000000E+00
-122.02386,37.05571,0.00000,1.000000E+00,1.000000E+00,1.000000E+00,1.000000E+00,1.000000E+00,1.000000E+00,1.000000E+00,1.000000E+00,1.000000E+00,1.000000E+00,1.000000E+00,1.000000E+00,9.999999E-01,9.999992E-01,9.999893E-01,9.999030E-01,9.993964E-01,9.971035E-01,9.892503E-01,9.683653E-01,9.252981E-01,8.545430E-01,7.609302E-01,6.483961E-01,5.344915E-01,4.231223E-01,3.267409E-01,2.433655E-01,1.717995E-01,1.154047E-01,7.272027E-02,3.969084E-02,2.065863E-02,1.007392E-02,3.742978E-03,1.873243E-03,4.998750E-04,0.000000E+00,0.000000E+00,0.000000E+00
-122.02346,37.10068,0.00000,1.000000E+00,1.000000E+00,1.000000E+00,1.000000E+00,1.000000E+00,1.000000E+00,1.000000E+00,1.000000E+00,1.000000E+00,1.000000E+00,1.000000E+00,1.000000E+00,9.999999E-01,9.999989E-01,9.999868E-01,9.998910E-01,9.993193E-01,9.968426E-01,9.887653E-01,9.681709E-01,9.267498E-01,8.591416E-01,7.687486E-01,6.619714E-01,5.482494E-01,4.433118E-01,3.478626E-01,2.628766E-01,1.975815E-01,1.421920E-01,9.685756E-02,6.164318E-02,3.548028E-02,2.053620E-02,1.081608E-02,5.111889E-03,2.870871E-03,1.249219E-03,7.497188E-04,2.499688E-04
-122.02306,37.14565,0.00000,1.000000E+00,1.000000E+00,1.000000E+00,1.000000E+00,1.000000E+00,1.000000E+00,1.000000E+00,1.000000E+00,1.000000E+00,1.000000E+00,1.000000E+00,1.000000E+00,9.999999E-01,9.999989E-01,9.999871E-01,9.998953E-01,9.993564E-01,9.970398E-01,9.896135E-01,9.707280E-01,9.325251E-01,8.685495E-01,7.804115E-01,6.793002E-01,5.718899E-01,4.713877E-01,3.775706E-01,2.988265E-01,2.299116E-01,1.723170E-01,1.230015E-01,8.263514E-02,5.304149E-02,3.342849E-02,1.992384E-02,9.331192E-03,4.240981E-03,1.998001E-03,3.749297E-04,1.249922E-04
-122.02265,37.19061,0.00000,1.000000E+00,1.000000E+00,1.000000E+00,1.000000E+00,1.000000E+00,1.000000E+00,1.000000E+00,1.000000E+00,1.000000E+00,1.000000E+00,1.000000E+00,1.000000E+00,9.999999E-01,9.999986E-01,9.999838E-01,9.998698E-01,9.992387E-01,9.966720E-01,9.884593E-01,9.686331E-01,9.285763E-01,8.626022E-01,7.747400E-01,6.758341E-01,5.686131E-01,4.656077E-01,3.698201E-01,2.924875E-01,2.225609E-01,1.644165E-01,1.212457E-01,8.183210E-02,5.339653E-02,3.161447E-02,1.574966E-02,7.099677E-03,3.742978E-03,1.873243E-03,1.249219E-03,1.249922E-04
-122.02225,37.23558,0.00000,1.000000E+00,1.000000E+00,1.000000E+00,1.000000E+00,1.000000E+00,1.000000E+00,1.000000E+00,1.000000E+00,1.000000E+00,1.000000E+00,1.000000E+00,1.000000E+00,9.999999E-01,9.999983E-01,9.999810E-01,9.998530E-01,9.991705E-01,9.964476E-01,9.881627E-01,9.684008E-01,9.304180E-01,8.694338E-01,7.833290E-01,6.815771E-01,5.720505E-01,4.701307E-01,3.657106E-01,2.844830E-01,2.139619E-01,1.518943E-01,1.061792E-01,7.202455E-02,4.459983E-02,2.505576E-02,1.365590E-02,6.354723E-03,2.621558E-03,6.248047E-04,0.000000E+00,0.000000E+00
-122.02184,37.28054,0.00000,1.000000E+00,1.000000E+00,1.000000E+00,1.000000E+00,1.000000E+00,1.000000E+00,1.000000E+00,1.000000E+00,1.000000E+00,1.000000E+00,1.000000E+00,1.000000E+00,9.999998E-01,9.999978E-01,9.999776E-01,9.998350E-01,9.990931E-01,9.962429E-01,9.874793E-01,9.671318E-01,9.287279E-01,8.672118E-01,7.841399E-01,6.822531E-01,5.699053E-01,4.598995E-01,3.516016E-01,2.615855E-01,1.850471E-01,1.270483E-01,8.274980E-02,5.244946E-02,2.882636E-02,1.501119E-02,6.975557E-03,2.995505E-03,1.498876E-03,3.749297E-04,2.499688E-04,0.000000E+00
-122.02144,37.32551,0.00000,1.000000E+00,1.000000E+00,1.000000E+00,1.000000E+00,1.000000E+00,1.000000E+00,1.000000E+00,1.000000E+00,1.000000E+00,1.000000E+00,1.000000E+00,1.000000E+00,9.999998E-01,9.999968E-01,9.999704E-01,9.997988E-01,9.989613E-01,9.958917E-01,9.865075E-01,9.657947E-01,9.260414E-01,8.662623E-01,7.837619E-01,6.836797E-01,5.701203E-01,4.548122E-01,3.375101E-01,2.427978E-01,1.674400E-01,1.069610E-01,6.164318E-02,3.548028E-02,1.869798E-02,8.463977E-03,3.369311E-03,1.249219E-03,7.497188E-04,3.749297E-04,2.499688E-04,0.000000E+00
-122.02103,37.37048,0.00000,1.000000E+00,1.000000E+00,1.000000E+00,1.000000E+00,1.000000E+00,1.000000E+00,1.000000E+00,1.000000E+00,1.000000E+00,1.000000E+00,1.000000E+00,1.000000E+00,9.999996E-01,9.999949E-01,9.999577E-01,9.997383E-01,9.987255E-01,9.951280E-01,9.852995E-01,9.636841E-01,9.242355E-01,8.652555E-01,7.847866E-01,6.859255E-01,5.704426E-01,4.537207E-01,3.398248E-01,2.373835E-01,1.558077E-01,9.584095E-02,5.552400E-02,2.846210E-02,1.328595E-02,5.484903E-03,1.873243E-03,8.746173E-04,4.998750E-04,1.249922E-04,0.000000E+00,0.000000E+00
-122.02063,37.41544,0.00000,1.000000E+00,1.000000E+00,1.000000E+00,1.000000E+00,1.000000E+00,1.000000E+00,1.000000E+00,1.000000E+00,1.000000E+00,1.000000E+00,1.000000E+00,9.999999E-01,9.999995E-01,9.999945E-01,9.999561E-01,9.997286E-01,9.987195E-01,9.951855E-01,9.856678E-01,9.652300E-01,9.281734E-01,8.731658E-01,7.952058E-01,7.020263E-01,5.923107E-01,4.801682E-01,3.634072E-01,2.594595E-01,1.704526E-01,1.082995E-01,5.929435E-02,3.161447E-02,1.488806E-02,6.106280E-03,1.998001E-03,9.995002E-04,2.499688E-04,1.249922E-04,0.000000E+00,0.000000E+00
-122.02022,37.46041,0.00000,1.000000E+00,1.000000E+00,1.000000E+00,1.000000E+00,1.000000E+00,1.000000E+00,1.000000E+00,1.000000E+00,1.000000E+00,1.000000E+00,1.000000E+00,9.999999E-01,9.999993E-01,9.999930E-01,9.999461E-01,9.996857E-01,9.985973E-01,9.950246E-01,9.854822E-01,9.646559E-01,9.277140E-01,8.726256E-01,7.961254E-01,7.048436E-01,6.002836E-01,4.929395E-01,3.802103E-01,2.740325E-01,1.858617E-01,1.222338E-01,7.399441E-02,3.860988E-02,2.102581E-02,9.083494E-03,4.240981E-03,1.498876E-03,4.998750E-04,2.499688E-04,1.249922E-04,0.000000E+00
-122.01981,37.50537,0.00000,1.000000E+00,1.000000E+00,1.000000E+00,1.000000E+00,1.000000E+00,1.000000E+00,1.000000E+00,1.000000E+00,1.000000E+00,1.000000E+00,1.000000E+00,9.999999E-01,9.999990E-01,9.999909E-01,9.999317E-01,9.996127E-01,9.983196E-01,9.941254E-01,9.834542E-01,9.606004E-01,9.209164E-01,8.636118E-01,7.898639E-01,7.010937E-01,6.011321E-01,4.989879E-01,3.981518E-01,2.985636E-01,2.079454E-01,1.362743E-01,7.953380E-02,4.232806E-02,2.078103E-02,9.083494E-03,4.240981E-03,1.998001E-03,1.124367E-03,4.998750E-04,1.249922E-04,0.000000E+00
-122.01940,37.55034,0.00000,1.000000E+00,1.000000E+00,1.000000E+00,1.000000E+00,1.000000E+00,1.000000E+00,1.000000E+00,1.000000E+00,1.000000E+00,1.000000E+00,1.000000E+00,9.999999E-01,9.999989E-01,9.999896E-01,9.999273E-01,9.996058E-01,9.983135E-01,9.942158E-01,9.836066E-01,9.614915E-01,9.232153E-01,8.663626E-01,7.958959E-01,7.114105E-01,6.191596E-01,5.210935E-01,4.221119E-01,3.326896E-01,2.466686E-01,1.695188E-01,1.124141E-01,6.935278E-02,3.897033E-02,2.078103E-02,7.968085E-03,3.992011E-03,1.249219E-03,4.998750E-04,1.249922E-04,1.249922E-04
-122.01899,37.59531,0.00000,1.000000E+00,1.000000E+00,1.000000E+00,1.000000E+00,1.000000E+00,1.000000E+00,1.000000E+00,1.000000E+00,1.000000E+00,1.000000E+00,1.000000E+00,9.999999E-01,9.999985E-01,9.999864E-01,9.999065E-01,9.995171E-01,9.979708E-01,9.932198E-01,9.818007E-01,9.586166E-01,9.191472E-01,8.627738E-01,7.900477E-01,7.082549E-01,6.203005E-01,5.250283E-01,4.351810E-01,3.517637E-01,2.702111E-01,1.946675E-01,1.293367E-01,8.022390E-02,4.531611E-02,2.700370E-02,1.131055E-02,5.360581E-03,2.995505E-03,1.374055E-03,4.998750E-04,1.249922E-04
-122.01858,37.64027,0.00000,1.000000E+00,1.000000E+00,1.000000E+00,1.000000E+00,1.000000E+00,1.000000E+00,1.000000E+00,1.000000E+00,1.000000E+00,1.000000E+00,1.000000E+00,9.999998E-01,9.999980E-01,9.999827E-01,9.998870E-01,9.994281E-01,9.976682E-01,9.926100E-01,9.804372E-01,9.561837E-01,9.151610E-01,8.574589E-01,7.854044E-01,7.016536E-01,6.112232E-01,5.217516E-01,4.346866E-01,3.496535E-01,2.660027E-01,1.944661E-01,1.334626E-01,8.595457E-02,5.078979E-02,2.639539E-02,1.353260E-02,5.360581E-03,2.372182E-03,1.374055E-03,3.749297E-04,2.499688E-04
-122.01817,37.68524,0.00000,1.000000E+00,1.000000E+00,1.000000E+00,1.000000E+00,1.000000E+00,1.000000E+00,1.000000E+00,1.000000E+00,1.000000E+00,1.000000E+00,1.000000E+00,9.999998E-01,9.999977E-01,9.999811E-01,9.998819E-01,9.994206E-01,9.976900E-01,9.925998E-01,9.803268E-01,9.552986E-01,9.152564E-01,8.590359E-01,7.894169E-01,7.043266E-01,6.164844E-01,5.246125E-01,4.381385E-01,3.481886E-01,2.696636E-01,2.011843E-01,1.395072E-01,9.301104E-02,5.327820E-02,2.712532E-02,1.414895E-02,7.099677E-03,1.623680E-03,3.749297E-04,1.249922E-04,0.000000E+00
-122.01775,37.73020,0.00000,1.000000E+00,1.000000E+00,1.000000E+00,1.000000E+00,1.000000E+00,1.000000E+00,1.000000E+00,1.000000E+00,1.000000E+00,1.000000E+00,1.000000E+00,9.999997E-01,9.999969E-01,9.999751E-01,9.998501E-01,9.992947E-01,9.972912E-01,9.916958E-01,9.785788E-01,9.536426E-01,9.123913E-01,8.551418E-01,7.832748E-01,7.005327E-01,6.046564E-01,5.074331E-01,4.151354E-01,3.290093E-01,2.482677E-01,1.716960E-01,1.103036E-01,6.713986E-02,3.716671E-02,1.931110E-02,7.968085E-03,2.995505E-03,8.746173E-04,3.749297E-04,0.000000E+00,0.000000E+00
-122.01733,37.77517,0.00000,1.000000E+00,1.000000E+00,1.000000E+00,1.000000E+00,1.000000E+00,1.000000E+00,1.000000E+00,1.000000E+00,1.000000E+00,1.000000E+00,9.999999E-01,9.999996E-01,9.999962E-01,9.999712E-01,9.998324E-01,9.992288E-01,9.971598E-01,9.913850E-01,9.786323E-01,9.536658E-01,9.137064E-01,8.550693E-01,7.817251E-01,6.951316E-01,6.010324E-01,4.988626E-01,4.006293E-01,3.076232E-01,2.232409E-01,1.525301E-01,1.006878E-01,5.941194E-02,3.584190E-02,1.759340E-02,7.968085E-03,3.867502E-03,1.124367E-03,1.249922E-04,1.249922E-04,1.249922E-04
-122.01692,37.82014,0.00000,1.000000E+00,1.000000E+00,1.000000E+00,1.000000E+00,1.000000E+00,1.000000E+00,1.000000E+00,1.000000E+00,1.000000E+00,1.000000E+00,9.999999E-01,9.999995E-01,9.999953E-01,9.999660E-01,9.998055E-01,9.991432E-01,9.968884E-01,9.905831E-01,9.765058E-01,9.498381E-01,9.080031E-01,8.490037E-01,7.728171E-01,6.824913E-01,5.836588E-01,4.832133E-01,3.816805E-01,2.857341E-01,2.071530E-01,1.420848E-01,9.369103E-02,5.457905E-02,3.221953E-02,1.685631E-02,8.092081E-03,2.746222E-03,1.249219E-03,1.249922E-04,0.000000E+00,0.000000E+00
-122.01650,37.86510,0.00000,1.000000E+00,1.000000E+00,1.000000E+00,1.000000E+00,1.000000E+00,1.000000E+00,1.000000E+00,1.000000E+00,1.000000E+00,1.000000E+00,9.999999E-01,9.999994E-01,9.999944E-01,9.999604E-01,9.997813E-01,9.990447E-01,9.965603E-01,9.900594E-01,9.757842E-01,9.491055E-01,9.073337E-01,8.480000E-01,7.716498E-01,6.814179E-01,5.832422E-01,4.826962E-01,3.806749E-01,2.851982E-01,2.078464E-01,1.406895E-01,9.051339E-02,5.102706E-02,3.064560E-02,1.513431E-02,6.727270E-03,2.870871E-03,8.746173E-04,0.000000E+00,0.000000E+00,0.000000E+00
-122.01608,37.91007,0.00000,1.000000E+00,1.000000E+00,1.000000E+00,1.000000E+00,1.000000E+00,1.000000E+00,1.000000E+00,1.000000E+00,1.000000E+00,1.000000E+00,9.999999E-01,9.999992E-01,9.999931E-01,9.999532E-01,9.997507E-01,9.989145E-01,9.962274E-01,9.889063E-01,9.736424E-01,9.464225E-01,9.033467E-01,8.400670E-01,7.608406E-01,6.674616E-01,5.681815E-01,4.623245E-01,3.641229E-01,2.706671E-01,1.877930E-01,1.245349E-01,7.895833E-02,4.710447E-02,2.724692E-02,1.525741E-02,8.216063E-03,3.120122E-03,1.249219E-03,6.248047E-04,2.499688E-04,0.000000E+00
-122.01566,37.95503,0.00000,1.000000E+00,1.000000E+00,1.000000E+00,1.000000E+00,1.000000E+00,1.000000E+00,1.000000E+00,1.000000E+00,1.000000E+00,1.000000E+00,9.999999E-01,9.999989E-01,9.999909E-01,9.999404E-01,9.996922E-01,9.987373E-01,9.956800E-01,9.880317E-01,9.712790E-01,9.413475E-01,8.944030E-01,8.299861E-01,7.457342E-01,6.493617E-01,5.456443E-01,4.401016E-01,3.325228E-01,2.468569E-01,1.719030E-01,1.117482E-01,6.865453E-02,3.848970E-02,2.163748E-02,1.093972E-02,5.111889E-03,1.498876E-03,6.248047E-04,2.499688E-04,0.000000E+00,0.000000E+00
-122.01524,38.00000,0.00000,1.000000E+00,1.000000E+00,1.000000E+00,1.000000E+00,1.000000E+00,1.000000E+00,1.000000E+00,1.000000E+00,1.000000E+00,1.000000E+00,9.999999E-01,9.999986E-01,9.999894E-01,9.999323E-01,9.996514E-01,9.986001E-01,9.953453E-01,9.871013E-01,9.696854E-01,9.384712E-01,8.898459E-01,8.221385E-01,7.375973E-01,6.351431E-01,5.291073E-01,4.187795E-01,3.165659E-01,2.268251E-01,1.529538E-01,9.369103E-02,5.646800E-02,3.173551E-02,1.661050E-02,8.092081E-03,3.618438E-03,8.746173E-04,3.749297E-04,1.249922E-04,1.249922E-04,0.000000E+00
-121.96795,37.01075,0.00000,1.000000E+00,1.000000E+00,1.000000E+00,1.000000E+00,1.000000E+00,1.000000E+00,1.000000E+00,1.000000E+00,1.000000E+00,1.000000E+00,1.000000E+00,1.000000E+00,1.000000E+00,9.999996E-01,9.999939E-01,9.999411E-01,9.995889E-01,9.978846E-01,9.916605E-01,9.745362E-01,9.383480E-01,8.749135E-01,7.821612E-01,6.697400E-01,5.508956E-01,4.351810E-01,3.333566E-01,2.447829E-01,1.671277E-01,1.094135E-01,6.748962E-02,3.848970E-02,2.090343E-02,1.118696E-02,6.106280E-03,3.244724E-03,1.249219E-03,9.995002E-04,3.749297E-04,1.249922E-04
-121.96751,37.05571,0.00000,1.000000E+00,1.000000E+00,1.000000E+00,1.000000E+00,1.000000E+00,1.000000E+00,1.000000E+00,1.000000E+00,1.000000E+00,1.000000E+00,1.000000E+00,1.000000E+00,1.000000E+00,9.999995E-01,9.999936E-01,9.999391E-01,9.995849E-01,9.978962E-01,9.918440E-01,9.751370E-01,9.390758E-01,8.775436E-01,7.922147E-01,6.885449E-01,5.749825E-01,4.650730E-01,3.661069E-01,2.824230E-01,2.132738E-01,1.534830E-01,1.011373E-01,6.082176E-02,3.318682E-02,1.820721E-02,9.702623E-03,3.493882E-03,1.249219E-03,6.248047E-04,3.749297E-04,2.499688E-04
-121.96708,37.10068,0.00000,1.000000E+00,1.000000E+00,1.000000E+00,1.000000E+00,1.000000E+00,1.000000E+00,1.000000E+00,1.000000E+00,1.000000E+00,1.000000E+00,1.000000E+00,1.000000E+00,9.999999E-01,9.999993E-01,9.999916E-01,9.999242E-01,9.994751E-01,9.974973E-01,9.905772E-01,9.730595E-01,9.358560E-01,8.742551E-01,7.883349E-01,6.853754E-01,5.767321E-01,4.723119E-01,3.811392E-01,2.998775E-01,2.336567E-01,1.734542E-01,1.248631E-01,8.812284E-02,5.611411E-02,3.318682E-02,1.722492E-02,8.092081E-03,3.618438E-03,1.873243E-03,8.746173E-04,6.248047E-04
-121.96664,37.14565,0.00000,1.000000E+00,1.000000E+00,1.000000E+00,1.000000E+00,1.000000E+00,1.000000E+00,1.000000E+00,1.000000E+00,1.000000E+00,1.000000E+00,1.000000E+00,1.000000E+00,9.999999E-01,9.999992E-01,9.999903E-01,9.999170E-01,9.994624E-01,9.974892E-01,9.907094E-01,9.736227E-01,9.376115E-01,8.788529E-01,7.930442E-01,6.915283E-01,5.832422E-01,4.846969E-01,3.927107E-01,3.090930E-01,2.394778E-01,1.775767E-01,1.322703E-01,9.085438E-02,6.011711E-02,3.572138E-02,1.882064E-02,9.207350E-03,3.992011E-03,1.498876E-03,2.499688E-04,2.499688E-04
-121.96621,37.19061,0.00000,1.000000E+00,1.000000E+00,1.000000E+00,1.000000E+00,1.000000E+00,1.000000E+00,1.000000E+00,1.000000E+00,1.000000E+00,1.000000E+00,1.000000E+00,1.000000E+00,9.999999E-01,9.999991E-01,9.999892E-01,9.999075E-01,9.994230E-01,9.973968E-01,9.905560E-01,9.733842E-01,9.384328E-01,8.816519E-01,8.005866E-01,7.002705E-01,5.892416E-01,4.812717E-01,3.816805E-01,2.959282E-01,2.232409E-01,1.632668E-01,1.125251E-01,7.526679E-02,4.591260E-02,2.493389E-02,1.279247E-02,7.099677E-03,2.870871E-03,8.746173E-04,2.499688E-04,0.000000E+00
-121.96577,37.23558,0.00000,1.000000E+00,1.000000E+00,1.000000E+00,1.000000E+00,1.000000E+00,1.000000E+00,1.000000E+00,1.000000E+00,1.000000E+00,1.000000E+00,1.000000E+00,1.000000E+00,9.999999E-01,9.999989E-01,9.999871E-01,9.998960E-01,9.993680E-01,9.971545E-01,9.900718E-01,9.727104E-01,9.387398E-01,8.819769E-01,8.003621E-01,7.003829E-01,5.904720E-01,4.784108E-01,3.767141E-01,2.834986E-01,2.026807E-01,1.387539E-01,9.142242E-02,5.635005E-02,3.475662E-02,1.882064E-02,8.959621E-03,2.870871E-03,1.249219E-03,2.499688E-04,0.000000E+00,0.000000E+00
-121.96533,37.28054,0.00000,1.000000E+00,1.000000E+00,1.000000E+00,1.000000E+00,1.000000E+00,1.000000E+00,1.000000E+00,1.000000E+00,1.000000E+00,1.000000E+00,1.000000E+00,1.000000E+00,9.999999E-01,9.999985E-01,9.999835E-01,9.998716E-01,9.992666E-01,9.968564E-01,9.894632E-01,9.716889E-01,9.364625E-01,8.786256E-01,8.016803E-01,7.041418E-01,5.918518E-01,4.742871E-01,3.598162E-01,2.562126E-01,1.715924E-01,1.130796E-01,6.993426E-02,4.101035E-02,2.127052E-02,1.131055E-02,4.489890E-03,1.873243E-03,7.497188E-04,0.000000E+00,0.000000E+00,0.000000E+00
-121.96490,37.32551,0.00000,1.000000E+00,1.000000E+00,1.000000E+00,1.000000E+00,1.000000E+00,1.000000E+00,1.000000E+00,1.000000E+00,1.000000E+00,1.000000E+00,1.000000E+00,1.000000E+00,9.999999E-01,9.999979E-01,9.999790E-01,9.998448E-01,9.991528E-01,9.965835E-01,9.888882E-01,9.709068E-01,9.369057E-01,8.819326E-01,8.037763E-01,7.066092E-01,5.948002E-01,4.787367E-01,3.610953E-01,2.576987E-01,1.662945E-01,9.967548E-02,5.847088E-02,3.113016E-02,1.464175E-02,7.099677E-03,2.746222E-03,7.497188E-04,1.249922E-04,0.000000E+00,0.000000E+00,0.000000E+00
-121.96445,37.37048,0.00000,1.000000E+00,1.000000E+00,1.000000E+00,1.000000E+00,1.000000E+00,1.000000E+00,1.000000E+00,1.000000E+00,1.000000E+00,1.000000E+00,1.000000E+00,1.000000E+00,9.999998E-01,9.999973E-01,9.999748E-01,9.998263E-01,9.990999E-01,9.964209E-01,9.887794E-01,9.708522E-01,9.376038E-01,8.845451E-01,8.126216E-01,7.199396E-01,6.144174E-01,4.983612E-01,3.834556E-01,2.743047E-01,1.828029E-01,1.088567E-01,5.635005E-02,2.821919E-02,1.328595E-02,5.360581E-03,1.374055E-03,9.995002E-04,1.249922E-04,1.249922E-04,0.000000E+00,0.000000E+00
-121.96401,37.41544,0.00000,1.000000E+00,1.000000E+00,1.000000E+00,1.000000E+00,1.000000E+00,1.000000E+00,1.000000E+00,1.000000E+00,1.000000E+00,1.000000E+00,1.000000E+00,1.000000E+00,9.999996E-01,9.999951E-01,9.999604E-01,9.997517E-01,9.988117E-01,9.954964E-01,9.863549E-01,9.663671E-01,9.313854E-01,8.776354E-01,8.052668E-01,7.176901E-01,6.165323E-01,5.096447E-01,3.965698E-01,2.929296E-01,2.016834E-01,1.271574E-01,7.642198E-02,4.148973E-02,2.041376E-02,8.959621E-03,3.618438E-03,9.995002E-04,1.249922E-04,1.249922E-04,0.000000E+00,0.000000E+00
-121.96357,37.46041,0.00000,1.000000E+00,1.000000E+00,1.000000E+00,1.000000E+00,1.000000E+00,1.000000E+00,1.000000E+00,1.000000E+00,1.000000E+00,1.000000E+00,1.000000E+00,9.999999E-01,9.999994E-01,9.999940E-01,9.999522E-01,9.997178E-01,9.987058E-01,9.952997E-01,9.858069E-01,9.659781E-01,9.297275E-01,8.765754E-01,8.082859E-01,7.200796E-01,6.264207E-01,5.259773E-01,4.240590E-01,3.286737E-01,2.358567E-01,1.594930E-01,9.606697E-02,5.540593E-02,3.137235E-02,1.464175E-02,7.720046E-03,3.244724E-03,8.746173E-04,4.998750E-04,2.499688E-04,1.249922E-04
-121.96313,37.50537,0.00000,1.000000E+00,1.000000E+00,1.000000E+00,1.000000E+00,1.000000E+00,1.000000E+00,1.000000E+00,1.000000E+00,1.000000E+00,1.000000E+00,1.000000E+00,9.999999E-01,9.999993E-01,9.999928E-01,9.999440E-01,9.996701E-01,9.985497E-01,9.948641E-01,9.850848E-01,9.641487E-01,9.281285E-01,8.748823E-01,8.041194E-01,7.209181E-01,6.304152E-01,5.396991E-01,4.412901E-01,3.506283E-01,2.656357E-01,1.902259E-01,1.240971E-01,7.665285E-02,4.495804E-02,2.432428E-02,1.056875E-02,5.484903E-03,2.372182E-03,7.497188E-04,6.248047E-04,6.248047E-04
-121.96268,37.55034,0.00000,1.000000E+00,1.000000E+00,1.000000E+00,1.000000E+00,1.000000E+00,1.000000E+00,1.000000E+00,1.000000E+00,1.000000E+00,1.000000E+00,1.000000E+00,9.999999E-01,9.999991E-01,9.999914E-01,9.999360E-01,9.996461E-01,9.984054E-01,9.944683E-01,9.840114E-01,9.625266E-01,9.256428E-01,8.715866E-01,8.006364E-01,7.171957E-01,6.269341E-01,5.386046E-01,4.478166E-01,3.647585E-01,2.783752E-01,2.031788E-01,1.376767E-01,8.458247E-02,4.995887E-02,2.906912E-02,1.427217E-02,5.609209E-03,1.748470E-03,4.998750E-04,2.499688E-04,0.000000E+00
-121.96223,37.59531,0.00000,1.000000E+00,1.000000E+00,1.000000E+00,1.000000E+00,1.000000E+00,1.000000E+00,1.000000E+00,1.000000E+00,1.000000E+00,1.000000E+00,1.000000E+00,9.999999E-01,9.999989E-01,9.999900E-01,9.999268E-01,9.996135E-01,9.983572E-01,9.942288E-01,9.836250E-01,9.615396E-01,9.243869E-01,8.694175E-01,7.986076E-01,7.153515E-01,6.280050E-01,5.416513E-01,4.532425E-01,3.678477E-01,2.883186E-01,2.150420E-01,1.475366E-01,9.527568E-02,5.469722E-02,2.821919E-02,1.303924E-02,5.857776E-03,1.623680E-03,6.248047E-04,2.499688E-04,2.499688E-04
-121.96179,37.64027,0.00000,1.000000E+00,1.000000E+00,1.000000E+00,1.000000E+00,1.000000E+00,1.000000E+00,1.000000E+00,1.000000E+00,1.000000E+00,1.000000E+00,1.000000E+00,9.999999E-01,9.999984E-01,9.999859E-01,9.999042E-01,9.995146E-01,9.979850E-01,9.933358E-01,9.818666E-01,9.587147E-01,9.195706E-01,8.635777E-01,7.919028E-01,7.090925E-01,6.183495E-01,5.276334E-01,4.391209E-01,3.516827E-01,2.762976E-01,2.027803E-01,1.401523E-01,8.755275E-02,5.221254E-02,2.846210E-02,1.402571E-02,6.230509E-03,2.122744E-03,6.248047E-04,3.749297E-04,1.249922E-04
-121.96134,37.68524,0.00000,1.000000E+00,1.000000E+00,1.000000E+00,1.000000E+00,1.000000E+00,1.000000E+00,1.000000E+00,1.000000E+00,1.000000E+00,1.000000E+00,1.000000E+00,9.999998E-01,9.999980E-01,9.999828E-01,9.998860E-01,9.994376E-01,9.977346E-01,9.927608E-01,9.806246E-01,9.565817E-01,9.161835E-01,8.593527E-01,7.874600E-01,7.027332E-01,6.093233E-01,5.139166E-01,4.233386E-01,3.326896E-01,2.464802E-01,1.710745E-01,1.090794E-01,6.702325E-02,3.752771E-02,1.906590E-02,9.207350E-03,4.489890E-03,1.873243E-03,1.124367E-03,1.249922E-04,0.000000E+00
-121.96089,37.73020,0.00000,1.000000E+00,1.000000E+00,1.000000E+00,1.000000E+00,1.000000E+00,1.000000E+00,1.000000E+00,1.000000E+00,1.000000E+00,1.000000E+00,1.000000E+00,9.999998E-01,9.999974E-01,9.999790E-01,9.998686E-01,9.993714E-01,9.975453E-01,9.923592E-01,9.798313E-01,9.551755E-01,9.138681E-01,8.552142E-01,7.816432E-01,6.943303E-01,5.970227E-01,4.964136E-01,3.955885E-01,3.002275E-01,2.179800E-01,1.488143E-01,9.843668E-02,5.847088E-02,3.330767E-02,1.747059E-02,7.844074E-03,3.992011E-03,1.249219E-03,3.749297E-04,0.000000E+00,0.000000E+00
-121.96045,37.77517,0.00000,1.000000E+00,1.000000E+00,1.000000E+00,1.000000E+00,1.000000E+00,1.000000E+00,1.000000E+00,1.000000E+00,1.000000E+00,1.000000E+00,1.000000E+00,9.999996E-01,9.999965E-01,9.999733E-01,9.998434E-01,9.992644E-01,9.972417E-01,9.915471E-01,9.781242E-01,9.535150E-01,9.116876E-01,8.532280E-01,7.743455E-01,6.829275E-01,5.870278E-01,4.776278E-01,3.716293E-01,2.809864E-01,1.974812E-01,1.330292E-01,8.286445E-02,5.185705E-02,2.700370E-02,1.340928E-02,7.099677E-03,3.493882E-03,1.374055E-03,3.749297E-04,1.249922E-04,1.249922E-04
-121.96000,37.82014,0.00000,1.000000E+00,1.000000E+00,1.000000E+00,1.000000E+00,1.000000E+00,1.000000E+00,1.000000E+00,1.000000E+00,1.000000E+00,1.000000E+00,9.999999E-01,9.999996E-01,9.999956E-01,9.999670E-01,9.998077E-01,9.991355E-01,9.967760E-01,9.904813E-01,9.763496E-01,9.497566E-01,9.073452E-01,8.467025E-01,7.674151E-01,6.699463E-01,5.716223E-01,4.658080E-01,3.578125E-01,2.619546E-01,1.856581E-01,1.220143E-01,7.653742E-02,4.507741E-02,2.615196E-02,1.118696E-02,4.738736E-03,1.873243E-03,8.746173E-04,0.000000E+00,0.000000E+00,0.000000E+00
-121.95954,37.86510,0.00000,1.000000E+00,1.000000E+00,1.000000E+00,1.000000E+00,1.000000E+00,1.000000E+00,1.000000E+00,1.000000E+00,1.000000E+00,1.000000E+00,9.999999E-01,9.999995E-01,9.999949E-01,9.999638E-01,9.997950E-01,9.990926E-01,9.967067E-01,9.901988E-01,9.757509E-01,9.475161E-01,9.024729E-01,8.379945E-01,7.567098E-01,6.607863E-01,5.556421E-01,4.522164E-01,3.526544E-01,2.591818E-01,1.800402E-01,1.154047E-01,7.411014E-02,4.148973E-02,2.090343E-02,1.118696E-02,5.111889E-03,1.998001E-03,8.746173E-04,1.249922E-04,0.000000E+00,0.000000E+00
-121.95909,37.91007,0.00000,1.000000E+00,1.000000E+00,1.000000E+00,1.000000E+00,1.000000E+00,1.000000E+00,1.000000E+00,1.000000E+00,1.000000E+00,1.000000E+00,9.999999E-01,9.999992E-01,9.999933E-01,9.999532E-01,9.997528E-01,9.989347E-01,9.961953E-01,9.892462E-01,9.736589E-01,9.441452E-01,8.977286E-01,8.324754E-01,7.498326E-01,6.522860E-01,5.488701E-01,4.392612E-01,3.331065E-01,2.433655E-01,1.702452E-01,1.118592E-01,6.737305E-02,3.560084E-02,1.931110E-02,8.711830E-03,3.493882E-03,1.498876E-03,8.746173E-04,1.249922E-04,1.249922E-04,0.000000E+00
-121.95864,37.95503,0.00000,1.000000E+00,1.000000E+00,1.000000E+00,1.000000E+00,1.000000E+00,1.000000E+00,1.000000E+00,1.000000E+00,1.000000E+00,1.000000E+00,9.999999E-01,9.999990E-01,9.999922E-01,9.999470E-01,9.997116E-01,9.987865E-01,9.958541E-01,9.880482E-01,9.714115E-01,9.405429E-01,8.915537E-01,8.236219E-01,7.374661E-01,6.344583E-01,5.254437E-01,4.175431E-01,3.165659E-01,2.265351E-01,1.572838E-01,1.061792E-01,6.316677E-02,3.728706E-02,1.967879E-02,8.959621E-03,4.738736E-03,1.748470E-03,7.497188E-04,3.749297E-04,0.000000E+00,0.000000E+00
-121.95818,38.00000,0.00000,1.000000E+00,1.000000E+00,1.000000E+00,1.000000E+00,1.000000E+00,1.000000E+00,1.000000E+00,1.000000E+00,1.000000E+00,1.000000E+00,9.999999E-01,9.999989E-01,9.999908E-01,9.999394E-01,9.996936E-01,9.987332E-01,9.957289E-01,9.877365E-01,9.707354E-01,9.397423E-01,8.902582E-01,8.202611E-01,7.277406E-01,6.220525E-01,5.056443E-01,3.893614E-01,2.888522E-01,2.010844E-01,1.317278E-01,7.999392E-02,4.471925E-02,2.322602E-02,1.069243E-02,5.857776E-03,2.372182E-03,4.998750E-04,1.249922E-04,0.000000E+00,0.000000E+00,0.000000E+00
-121.91164,37.01075,0.00000,1.000000E+00,1.000000E+00,1.000000E+00,1.000000E+00,1.000000E+00,1.000000E+00,1.000000E+00,1.000000E+00,1.000000E+00,1.000000E+00,1.000000E+00,1.000000E+00,1.000000E+00,9.999998E-01,9.999969E-01,9.999670E-01,9.997467E-01,9.986097E-01,9.942144E-01,9.812301E-01,9.514422E-01,8.969072E-01,8.130427E-01,7.085101E-01,5.925145E-01,4.802332E-01,3.750758E-01,2.834090E-01,2.054664E-01,1.418703E-01,9.448370E-02,5.894152E-02,3.367011E-02,1.587268E-02,8.092081E-03,3.493882E-03,1.249219E-03,3.749297E-04,0.000000E+00,0.000000E+00
-121.91117,37.05571,0.00000,1.000000E+00,1.000000E+00,1.000000E+00,1.000000E+00,1.000000E+00,1.000000E+00,1.000000E+00,1.000000E+00,1.000000E+00,1.000000E+00,1.000000E+00,1.000000E+00,1.000000E+00,9.999998E-01,9.999967E-01,9.999660E-01,9.997415E-01,9.985866E-01,9.941788E-01,9.813470E-01,9.518170E-01,8.982260E-01,8.202611E-01,7.217193E-01,6.126784E-01,5.032284E-01,4.057024E-01,3.180166E-01,2.459149E-01,1.851490E-01,1.319448E-01,8.766679E-02,5.457905E-02,3.403242E-02,1.931110E-02,1.032137E-02,4.863136E-03,2.870871E-03,1.498876E-03,8.746173E-04
-121.91071,37.10068,0.00000,1.000000E+00,1.000000E+00,1.000000E+00,1.000000E+00,1.000000E+00,1.000000E+00,1.000000E+00,1.000000E+00,1.000000E+00,1.000000E+00,1.000000E+00,1.000000E+00,1.000000E+00,9.999997E-01,9.999956E-01,9.999565E-01,9.996901E-01,9.984074E-01,9.936900E-01,9.803268E-01,9.517326E-01,9.003907E-01,8.228042E-01,7.265127E-01,6.200631E-01,5.148878E-01,4.165229E-01,3.301825E-01,2.584406E-01,1.953718E-01,1.378922E-01,9.538876E-02,6.410314E-02,3.560084E-02,1.980133E-02,9.826402E-03,5.236243E-03,2.496878E-03,1.374055E-03,3.749297E-04
-121.91023,37.14565,0.00000,1.000000E+00,1.000000E+00,1.000000E+00,1.000000E+00,1.000000E+00,1.000000E+00,1.000000E+00,1.000000E+00,1.000000E+00,1.000000E+00,1.000000E+00,1.000000E+00,1.000000E+00,9.999996E-01,9.999942E-01,9.999449E-01,9.996253E-01,9.981167E-01,9.928338E-01,9.783689E-01,9.483169E-01,8.948377E-01,8.170194E-01,7.224141E-01,6.175376E-01,5.131260E-01,4.175431E-01,3.274138E-01,2.484556E-01,1.815762E-01,1.265025E-01,8.274980E-02,5.233100E-02,2.846210E-02,1.501119E-02,7.596003E-03,4.116504E-03,1.498876E-03,3.749297E-04,3.749297E-04
-121.90977,37.19061,0.00000,1.000000E+00,1.000000E+00,1.000000E+00,1.000000E+00,1.000000E+00,1.000000E+00,1.000000E+00,1.000000E+00,1.000000E+00,1.000000E+00,1.000000E+00,1.000000E+00,9.999999E-01,9.999994E-01,9.999923E-01,9.999324E-01,9.995686E-01,9.979197E-01,9.923496E-01,9.778130E-01,9.476668E-01,8.949690E-01,8.198562E-01,7.265127E-01,6.179677E-01,5.053352E-01,3.948325E-01,2.976862E-01,2.131755E-01,1.467904E-01,9.504947E-02,5.976459E-02,3.391166E-02,1.845263E-02,9.826402E-03,5.857776E-03,2.247471E-03,8.746173E-04,2.499688E-04,0.000000E+00
-121.90929,37.23558,0.00000,1.000000E+00,1.000000E+00,1.000000E+00,1.000000E+00,1.000000E+00,1.000000E+00,1.000000E+00,1.000000E+00,1.000000E+00,1.000000E+00,1.000000E+00,1.000000E+00,9.999999E-01,9.999993E-01,9.999908E-01,9.999215E-01,9.995099E-01,9.977021E-01,9.918389E-01,9.768034E-01,9.456807E-01,8.938604E-01,8.189533E-01,7.218584E-01,6.116118E-01,4.948374E-01,3.836868E-01,2.795469E-01,1.940632E-01,1.260656E-01,7.688365E-02,4.208861E-02,2.347019E-02,1.093972E-02,4.489890E-03,1.998001E-03,8.746173E-04,3.749297E-04,0.000000E+00,0.000000E+00
-121.90882,37.28054,0.00000,1.000000E+00,1.000000E+00,1.000000E+00,1.000000E+00,1.000000E+00,1.000000E+00,1.000000E+00,1.000000E+00,1.000000E+00,1.000000E+00,1.000000E+00,1.000000E+00,9.999999E-01,9.999990E-01,9.999879E-01,9.999010E-01,9.994066E-01,9.973432E-01,9.909783E-01,9.754704E-01,9.440894E-01,8.941783E-01,8.208443E-01,7.230726E-01,6.103962E-01,4.936996E-01,3.750758E-01,2.723063E-01,1.770625E-01,1.113039E-01,6.492169E-02,3.499790E-02,1.722492E-02,7.720046E-03,4.365444E-03,2.122744E-03,7.497188E-04,0.000000E+00,0.000000E+00,0.000000E+00
-121.90835,37.32551,0.00000,1.000000E+00,1.000000E+00,1.000000E+00,1.000000E+00,1.000000E+00,1.000000E+00,1.000000E+00,1.000000E+00,1.000000E+00,1.000000E+00,1.000000E+00,1.000000E+00,9.999999E-01,9.999986E-01,9.999846E-01,9.998793E-01,9.993178E-01,9.970868E-01,9.902061E-01,9.741223E-01,9.430525E-01,8.925387E-01,8.219605E-01,7.301800E-01,6.212959E-01,4.995512E-01,3.846106E-01,2.717603E-01,1.810645E-01,1.098586E-01,6.164318E-02,3.246144E-02,1.562662E-02,6.106280E-03,3.120122E-03,1.124367E-03,4.998750E-04,3.749297E-04,1.249922E-04,1.249922E-04
-121.90788,37.37048,0.00000,1.000000E+00,1.000000E+00,1.000000E+00,1.000000E+00,1.000000E+00,1.000000E+00,1.000000E+00,1.000000E+00,1.000000E+00,1.000000E+00,1.000000E+00,1.000000E+00,9.999999E-01,9.999982E-01,9.999806E-01,9.998558E-01,9.992215E-01,9.967856E-01,9.895497E-01,9.729414E-01,9.419311E-01,8.923640E-01,8.242161E-01,7.387428E-01,6.388637E-01,5.221699E-01,4.082228E-01,2.995274E-01,2.023816E-01,1.251913E-01,7.468864E-02,4.005088E-02,1.882064E-02,9.083494E-03,3.369311E-03,9.995002E-04,6.248047E-04,3.749297E-04,0.000000E+00,0.000000E+00
-121.90739,37.41544,0.00000,1.000000E+00,1.000000E+00,1.000000E+00,1.000000E+00,1.000000E+00,1.000000E+00,1.000000E+00,1.000000E+00,1.000000E+00,1.000000E+00,1.000000E+00,1.000000E+00,9.999998E-01,9.999971E-01,9.999731E-01,9.998229E-01,9.990844E-01,9.964284E-01,9.887330E-01,9.719741E-01,9.400878E-01,8.896530E-01,8.244576E-01,7.450340E-01,6.496683E-01,5.485317E-01,4.468494E-01,3.472917E-01,2.538846E-01,1.760332E-01,1.074074E-01,6.304966E-02,3.499790E-02,1.808448E-02,8.092081E-03,4.240981E-03,1.623680E-03,4.998750E-04,2.499688E-04,1.249922E-04
-121.90692,37.46041,0.00000,1.000000E+00,1.000000E+00,1.000000E+00,1.000000E+00,1.000000E+00,1.000000E+00,1.000000E+00,1.000000E+00,1.000000E+00,1.000000E+00,1.000000E+00,1.000000E+00,9.999996E-01,9.999956E-01,9.999642E-01,9.997766E-01,9.989063E-01,9.959214E-01,9.875962E-01,9.686722E-01,9.355103E-01,8.852070E-01,8.173393E-01,7.381871E-01,6.539337E-01,5.636781E-01,4.708588E-01,3.796677E-01,2.871612E-01,2.044726E-01,1.351939E-01,8.343748E-02,4.710447E-02,2.700370E-02,1.365590E-02,6.230509E-03,2.746222E-03,9.995002E-04,3.749297E-04,1.249922E-04
-121.90644,37.50537,0.00000,1.000000E+00,1.000000E+00,1.000000E+00,1.000000E+00,1.000000E+00,1.000000E+00,1.000000E+00,1.000000E+00,1.000000E+00,1.000000E+00,1.000000E+00,9.999999E-01,9.999995E-01,9.999946E-01,9.999570E-01,9.997430E-01,9.987918E-01,9.955166E-01,9.868768E-01,9.677625E-01,9.332216E-01,8.826683E-01,8.159642E-01,7.379579E-01,6.523729E-01,5.660170E-01,4.770398E-01,3.881389E-01,3.011017E-01,2.214912E-01,1.526361E-01,9.990053E-02,5.952950E-02,3.403242E-02,1.808448E-02,8.587912E-03,4.116504E-03,2.122744E-03,8.746173E-04,2.499688E-04
-121.90597,37.55034,0.00000,1.000000E+00,1.000000E+00,1.000000E+00,1.000000E+00,1.000000E+00,1.000000E+00,1.000000E+00,1.000000E+00,1.000000E+00,1.000000E+00,1.000000E+00,9.999999E-01,9.999993E-01,9.999927E-01,9.999449E-01,9.996833E-01,9.986104E-01,9.950482E-01,9.854966E-01,9.651037E-01,9.295956E-01,8.774364E-01,8.097422E-01,7.280807E-01,6.442404E-01,5.551975E-01,4.670752E-01,3.805201E-01,2.971593E-01,2.255677E-01,1.573891E-01,1.006878E-01,6.293254E-02,3.873005E-02,2.053620E-02,1.044507E-02,5.484903E-03,2.122744E-03,8.746173E-04,0.000000E+00
-121.90549,37.59531,0.00000,1.000000E+00,1.000000E+00,1.000000E+00,1.000000E+00,1.000000E+00,1.000000E+00,1.000000E+00,1.000000E+00,1.000000E+00,1.000000E+00,1.000000E+00,9.999999E-01,9.999991E-01,9.999908E-01,9.999342E-01,9.996459E-01,9.984226E-01,9.946069E-01,9.845052E-01,9.637612E-01,9.273789E-01,8.723547E-01,7.990853E-01,7.157426E-01,6.262339E-01,5.364078E-01,4.433118E-01,3.582940E-01,2.755735E-01,2.019827E-01,1.361663E-01,8.800886E-02,5.055246E-02,2.821919E-02,1.451857E-02,6.106280E-03,2.995505E-03,1.249219E-03,3.749297E-04,1.249922E-04
-121.90501,37.64027,0.00000,1.000000E+00,1.000000E+00,1.000000E+00,1.000000E+00,1.000000E+00,1.000000E+00,1.000000E+00,1.000000E+00,1.000000E+00,1.000000E+00,1.000000E+00,9.999999E-01,9.999986E-01,9.999872E-01,9.999133E-01,9.995571E-01,9.981167E-01,9.937042E-01,9.823585E-01,9.597794E-01,9.215171E-01,8.646140E-01,7.899427E-01,7.036977E-01,6.074141E-01,5.059532E-01,4.107325E-01,3.222657E-01,2.441218E-01,1.739707E-01,1.156258E-01,7.016674E-02,4.029084E-02,2.127052E-02,1.032137E-02,4.489890E-03,2.372182E-03,8.746173E-04,3.749297E-04,0.000000E+00
-121.90453,37.68524,0.00000,1.000000E+00,1.000000E+00,1.000000E+00,1.000000E+00,1.000000E+00,1.000000E+00,1.000000E+00,1.000000E+00,1.000000E+00,1.000000E+00,1.000000E+00,9.999998E-01,9.999982E-01,9.999849E-01,9.998981E-01,9.994730E-01,9.978753E-01,9.930220E-01,9.809726E-01,9.571586E-01,9.167577E-01,8.579214E-01,7.809050E-01,6.906401E-01,5.905744E-01,4.890584E-01,3.849951E-01,2.888522E-01,2.060621E-01,1.385386E-01,8.446804E-02,4.865167E-02,2.542130E-02,1.328595E-02,5.484903E-03,2.247471E-03,1.498876E-03,4.998750E-04,1.249922E-04,0.000000E+00
-121.90404,37.73020,0.00000,1.000000E+00,1.000000E+00,1.000000E+00,1.000000E+00,1.000000E+00,1.000000E+00,1.000000E+00,1.000000E+00,1.000000E+00,1.000000E+00,1.000000E+00,9.999998E-01,9.999979E-01,9.999818E-01,9.998818E-01,9.994316E-01,9.977181E-01,9.926285E-01,9.801936E-01,9.560795E-01,9.163718E-01,8.560983E-01,7.789519E-01,6.852574E-01,5.776834E-01,4.721140E-01,3.676897E-01,2.733970E-01,1.937610E-01,1.284657E-01,7.584456E-02,4.519677E-02,2.639539E-02,1.402571E-02,6.106280E-03,2.496878E-03,7.497188E-04,7.497188E-04,1.249922E-04,0.000000E+00
-121.90356,37.77517,0.00000,1.000000E+00,1.000000E+00,1.000000E+00,1.000000E+00,1.000000E+00,1.000000E+00,1.000000E+00,1.000000E+00,1.000000E+00,1.000000E+00,1.000000E+00,9.999997E-01,9.999971E-01,9.999769E-01,9.998567E-01,9.993031E-01,9.973289E-01,9.917052E-01,9.783635E-01,9.531006E-01,9.104761E-01,8.476957E-01,7.663369E-01,6.672537E-01,5.598986E-01,4.489198E-01,3.422958E-01,2.497697E-01,1.738674E-01,1.148516E-01,6.725647E-02,4.089047E-02,2.090343E-02,9.083494E-03,3.867502E-03,1.748470E-03,1.249219E-03,4.998750E-04,1.249922E-04,0.000000E+00
-121.90307,37.82014,0.00000,1.000000E+00,1.000000E+00,1.000000E+00,1.000000E+00,1.000000E+00,1.000000E+00,1.000000E+00,1.000000E+00,1.000000E+00,1.000000E+00,1.000000E+00,9.999996E-01,9.999965E-01,9.999736E-01,9.998372E-01,9.992532E-01,9.972076E-01,9.914376E-01,9.776823E-01,9.512415E-01,9.069507E-01,8.436057E-01,7.600021E-01,6.575912E-01,5.508395E-01,4.377873E-01,3.326062E-01,2.387169E-01,1.606479E-01,1.010250E-01,6.457097E-02,3.584190E-02,1.869798E-02,8.587912E-03,4.116504E-03,2.122744E-03,7.497188E-04,1.249922E-04,0.000000E+00,0.000000E+00
-121.90259,37.86510,0.00000,1.000000E+00,1.000000E+00,1.000000E+00,1.000000E+00,1.000000E+00,1.000000E+00,1.000000E+00,1.000000E+00,1.000000E+00,1.000000E+00,9.999999E-01,9.999995E-01,9.999950E-01,9.999629E-01,9.997892E-01,9.990516E-01,9.965140E-01,9.898192E-01,9.745585E-01,9.447770E-01,8.976263E-01,8.310454E-01,7.457342E-01,6.427252E-01,5.303417E-01,4.244188E-01,3.180166E-01,2.257613E-01,1.529538E-01,9.538876E-02,5.587811E-02,3.137235E-02,1.562662E-02,7.471945E-03,4.116504E-03,1.998001E-03,7.497188E-04,2.499688E-04,2.499688E-04,2.499688E-04
-121.90210,37.91007,0.00000,1.000000E+00,1.000000E+00,1.000000E+00,1.000000E+00,1.000000E+00,1.000000E+00,1.000000E+00,1.000000E+00,1.000000E+00,1.000000E+00,9.999999E-01,9.999994E-01,9.999941E-01,9.999583E-01,9.997653E-01,9.989926E-01,9.963735E-01,9.894816E-01,9.741966E-01,9.452102E-01,8.976647E-01,8.287704E-01,7.394928E-01,6.330850E-01,5.209738E-01,4.094790E-01,3.058901E-01,2.190546E-01,1.497714E-01,9.584095E-02,5.481537E-02,3.173551E-02,1.562662E-02,6.851421E-03,3.867502E-03,1.374055E-03,1.249922E-04,1.249922E-04,1.249922E-04,1.249922E-04
-121.90161,37.95503,0.00000,1.000000E+00,1.000000E+00,1.000000E+00,1.000000E+00,1.000000E+00,1.000000E+00,1.000000E+00,1.000000E+00,1.000000E+00,1.000000E+00,9.999999E-01,9.999992E-01,9.999928E-01,9.999511E-01,9.997355E-01,9.988430E-01,9.958213E-01,9.878797E-01,9.707426E-01,9.389462E-01,8.865763E-01,8.134629E-01,7.182190E-01,6.046070E-01,4.942056E-01,3.777261E-01,2.777435E-01,1.926516E-01,1.256286E-01,7.699904E-02,4.495804E-02,2.554311E-02,1.303924E-02,6.230509E-03,3.120122E-03,7.497188E-04,3.749297E-04,3.749297E-04,1.249922E-04,0.000000E+00
-121.90112,38.00000,0.00000,1.000000E+00,1.000000E+00,1.000000E+00,1.000000E+00,1.000000E+00,1.000000E+00,1.000000E+00,1.000000E+00,1.000000E+00,1.000000E+00,9.999999E-01,9.999991E-01,9.999923E-01,9.999473E-01,9.997162E-01,9.987885E-01,9.956913E-01,9.875884E-01,9.697459E-01,9.361121E-01,8.849772E-01,8.107857E-01,7.142820E-01,6.018295E-01,4.839879E-01,3.719434E-01,2.672861E-01,1.809622E-01,1.169514E-01,7.074770E-02,4.005088E-02,2.041376E-02,1.044507E-02,5.360581E-03,2.372182E-03,7.497188E-04,3.749297E-04,2.499688E-04,0.000000E+00,0.000000E+00
-121.85532,37.01075,0.00000,1.000000E+00,1.000000E+00,1.000000E+00,1.000000E+00,1.000000E+00,1.000000E+00,1.000000E+00,1.000000E+00,1.000000E+00,1.000000E+00,1.000000E+00,1.000000E+00,1.000000E+00,9.999999E-01,9.999984E-01,9.999821E-01,9.998530E-01,9.991340E-01,9.961023E-01,9.865227E-01,9.623623E-01,9.162463E-01,8.429200E-01,7.482012E-01,6.354622E-01,5.209139E-01,4.192878E-01,3.269933E-01,2.491129E-01,1.837218E-01,1.262841E-01,8.526877E-02,5.363315E-02,3.064560E-02,1.538049E-02,7.099677E-03,3.120122E-03,1.748470E-03,6.248047E-04,2.499688E-04
-121.85483,37.05571,0.00000,1.000000E+00,1.000000E+00,1.000000E+00,1.000000E+00,1.000000E+00,1.000000E+00,1.000000E+00,1.000000E+00,1.000000E+00,1.000000E+00,1.000000E+00,1.000000E+00,1.000000E+00,9.999999E-01,9.999980E-01,9.999779E-01,9.998221E-01,9.989530E-01,9.954631E-01,9.848518E-01,9.600799E-01,9.129263E-01,8.374671E-01,7.425681E-01,6.373256E-01,5.326258E-01,4.372951E-01,3.472101E-01,2.728518E-01,2.010844E-01,1.460435E-01,1.009126E-01,6.515543E-02,3.716671E-02,1.918851E-02,9.950167E-03,4.489890E-03,1.873243E-03,1.249219E-03,8.746173E-04
-121.85432,37.10068,0.00000,1.000000E+00,1.000000E+00,1.000000E+00,1.000000E+00,1.000000E+00,1.000000E+00,1.000000E+00,1.000000E+00,1.000000E+00,1.000000E+00,1.000000E+00,1.000000E+00,1.000000E+00,9.999998E-01,9.999968E-01,9.999677E-01,9.997690E-01,9.987525E-01,9.948942E-01,9.835820E-01,9.580174E-01,9.094859E-01,8.385404E-01,7.463056E-01,6.416069E-01,5.330929E-01,4.336256E-01,3.450851E-01,2.669197E-01,1.961761E-01,1.401523E-01,9.153599E-02,5.540593E-02,3.535971E-02,1.882064E-02,8.959621E-03,3.369311E-03,1.249219E-03,3.749297E-04,0.000000E+00
-121.85382,37.14565,0.00000,1.000000E+00,1.000000E+00,1.000000E+00,1.000000E+00,1.000000E+00,1.000000E+00,1.000000E+00,1.000000E+00,1.000000E+00,1.000000E+00,1.000000E+00,1.000000E+00,1.000000E+00,9.999998E-01,9.999965E-01,9.999650E-01,9.997454E-01,9.986765E-01,9.946150E-01,9.826667E-01,9.569384E-01,9.101959E-01,8.393255E-01,7.498326E-01,6.441069E-01,5.336762E-01,4.283624E-01,3.325228E-01,2.430817E-01,1.713853E-01,1.081881E-01,6.853811E-02,4.089047E-02,2.151517E-02,1.056875E-02,4.116504E-03,1.498876E-03,7.497188E-04,2.499688E-04,1.249922E-04
-121.85332,37.19061,0.00000,1.000000E+00,1.000000E+00,1.000000E+00,1.000000E+00,1.000000E+00,1.000000E+00,1.000000E+00,1.000000E+00,1.000000E+00,1.000000E+00,1.000000E+00,1.000000E+00,1.000000E+00,9.999996E-01,9.999950E-01,9.999523E-01,9.996701E-01,9.983568E-01,9.936441E-01,9.811478E-01,9.546457E-01,9.073800E-01,8.384798E-01,7.455434E-01,6.346867E-01,5.176089E-01,4.024994E-01,2.989142E-01,2.107128E-01,1.395072E-01,8.561174E-02,4.817587E-02,2.688207E-02,1.464175E-02,6.478921E-03,2.372182E-03,1.249922E-04,0.000000E+00,0.000000E+00,0.000000E+00
-121.85281,37.23558,0.00000,1.000000E+00,1.000000E+00,1.000000E+00,1.000000E+00,1.000000E+00,1.000000E+00,1.000000E+00,1.000000E+00,1.000000E+00,1.000000E+00,1.000000E+00,1.000000E+00,1.000000E+00,9.999995E-01,9.999933E-01,9.999398E-01,9.996122E-01,9.981329E-01,9.931208E-01,9.795444E-01,9.512049E-01,9.034071E-01,8.343702E-01,7.424393E-01,6.327178E-01,5.137950E-01,3.970976E-01,2.803570E-01,1.863704E-01,1.159574E-01,6.515543E-02,3.282420E-02,1.808448E-02,9.826402E-03,2.372182E-03,9.995002E-04,3.749297E-04,1.249922E-04,1.249922E-04,1.249922E-04
-121.85231,37.28054,0.00000,1.000000E+00,1.000000E+00,1.000000E+00,1.000000E+00,1.000000E+00,1.000000E+00,1.000000E+00,1.000000E+00,1.000000E+00,1.000000E+00,1.000000E+00,1.000000E+00,9.999999E-01,9.999993E-01,9.999918E-01,9.999304E-01,9.995701E-01,9.979900E-01,9.926395E-01,9.789531E-01,9.508682E-01,9.055443E-01,8.390441E-01,7.515156E-01,6.480443E-01,5.280466E-01,4.090359E-01,2.903618E-01,1.955730E-01,1.200366E-01,6.970171E-02,3.391166E-02,1.722492E-02,8.092081E-03,2.870871E-03,8.746173E-04,0.000000E+00,0.000000E+00,0.000000E+00,0.000000E+00
-121.85180,37.32551,0.00000,1.000000E+00,1.000000E+00,1.000000E+00,1.000000E+00,1.000000E+00,1.000000E+00,1.000000E+00,1.000000E+00,1.000000E+00,1.000000E+00,1.000000E+00,1.000000E+00,9.999999E-01,9.999990E-01,9.999883E-01,9.999073E-01,9.994372E-01,9.975194E-01,9.913915E-01,9.767454E-01,9.475030E-01,9.012709E-01,8.342873E-01,7.491123E-01,6.498435E-01,5.420521E-01,4.232665E-01,3.136551E-01,2.195425E-01,1.367060E-01,7.930366E-02,4.328525E-02,2.188204E-02,9.331192E-03,3.867502E-03,9.995002E-04,2.499688E-04,0.000000E+00,0.000000E+00,0.000000E+00
-121.85130,37.37048,0.00000,1.000000E+00,1.000000E+00,1.000000E+00,1.000000E+00,1.000000E+00,1.000000E+00,1.000000E+00,1.000000E+00,1.000000E+00,1.000000E+00,1.000000E+00,1.000000E+00,9.999999E-01,9.999986E-01,9.999843E-01,9.998778E-01,9.993069E-01,9.970645E-01,9.901681E-01,9.739275E-01,9.438582E-01,8.968556E-01,8.296670E-01,7.505508E-01,6.559609E-01,5.529121E-01,4.511198E-01,3.426246E-01,2.476096E-01,1.655646E-01,1.023724E-01,5.505164E-02,3.100904E-02,1.710207E-02,7.844074E-03,3.992011E-03,2.122744E-03,9.995002E-04,6.248047E-04,1.249922E-04
-121.85078,37.41544,0.00000,1.000000E+00,1.000000E+00,1.000000E+00,1.000000E+00,1.000000E+00,1.000000E+00,1.000000E+00,1.000000E+00,1.000000E+00,1.000000E+00,1.000000E+00,1.000000E+00,9.999999E-01,9.999980E-01,9.999793E-01,9.998523E-01,9.992153E-01,9.967039E-01,9.894010E-01,9.729887E-01,9.429099E-01,8.946930E-01,8.292193E-01,7.514223E-01,6.672537E-01,5.708184E-01,4.754686E-01,3.802103E-01,2.880517E-01,2.121913E-01,1.443339E-01,9.176307E-02,5.339653E-02,2.919048E-02,1.279247E-02,5.609209E-03,1.998001E-03,6.248047E-04,0.000000E+00,0.000000E+00
-121.85027,37.46041,0.00000,1.000000E+00,1.000000E+00,1.000000E+00,1.000000E+00,1.000000E+00,1.000000E+00,1.000000E+00,1.000000E+00,1.000000E+00,1.000000E+00,1.000000E+00,1.000000E+00,9.999998E-01,9.999971E-01,9.999728E-01,9.998181E-01,9.990675E-01,9.963586E-01,9.887583E-01,9.715363E-01,9.394251E-01,8.917027E-01,8.276969E-01,7.492378E-01,6.657948E-01,5.703890E-01,4.784108E-01,3.899717E-01,3.029339E-01,2.234351E-01,1.541177E-01,1.013620E-01,6.140856E-02,3.318682E-02,1.685631E-02,8.711830E-03,3.742978E-03,2.247471E-03,1.249219E-03,4.998750E-04
-121.84976,37.50537,0.00000,1.000000E+00,1.000000E+00,1.000000E+00,1.000000E+00,1.000000E+00,1.000000E+00,1.000000E+00,1.000000E+00,1.000000E+00,1.000000E+00,1.000000E+00,1.000000E+00,9.999996E-01,9.999953E-01,9.999618E-01,9.997673E-01,9.989024E-01,9.958385E-01,9.874558E-01,9.687270E-01,9.346011E-01,8.827709E-01,8.152266E-01,7.358862E-01,6.503683E-01,5.585211E-01,4.664753E-01,3.777261E-01,2.905392E-01,2.186640E-01,1.482822E-01,1.010250E-01,5.764668E-02,2.749008E-02,1.217527E-02,5.111889E-03,2.372182E-03,1.124367E-03,3.749297E-04,3.749297E-04
-121.84925,37.55034,0.00000,1.000000E+00,1.000000E+00,1.000000E+00,1.000000E+00,1.000000E+00,1.000000E+00,1.000000E+00,1.000000E+00,1.000000E+00,1.000000E+00,1.000000E+00,9.999999E-01,9.999994E-01,9.999939E-01,9.999528E-01,9.997206E-01,9.987200E-01,9.953962E-01,9.863992E-01,9.663545E-01,9.311879E-01,8.789437E-01,8.108803E-01,7.274682E-01,6.323044E-01,5.400442E-01,4.447018E-01,3.537055E-01,2.681100E-01,1.902259E-01,1.298807E-01,7.838250E-02,4.627032E-02,2.249317E-02,1.155769E-02,6.106280E-03,2.122744E-03,8.746173E-04,3.749297E-04,0.000000E+00
-121.84873,37.59531,0.00000,1.000000E+00,1.000000E+00,1.000000E+00,1.000000E+00,1.000000E+00,1.000000E+00,1.000000E+00,1.000000E+00,1.000000E+00,1.000000E+00,1.000000E+00,9.999999E-01,9.999992E-01,9.999923E-01,9.999425E-01,9.996754E-01,9.985681E-01,9.949450E-01,9.851999E-01,9.639780E-01,9.283706E-01,8.724504E-01,7.988340E-01,7.090198E-01,6.104449E-01,5.100735E-01,4.126445E-01,3.129684E-01,2.301041E-01,1.546462E-01,9.482320E-02,5.658593E-02,3.185654E-02,1.624166E-02,7.596003E-03,3.493882E-03,1.748470E-03,8.746173E-04,3.749297E-04,2.499688E-04
-121.84822,37.64027,0.00000,1.000000E+00,1.000000E+00,1.000000E+00,1.000000E+00,1.000000E+00,1.000000E+00,1.000000E+00,1.000000E+00,1.000000E+00,1.000000E+00,1.000000E+00,9.999999E-01,9.999990E-01,9.999902E-01,9.999300E-01,9.996237E-01,9.983944E-01,9.944979E-01,9.843240E-01,9.626949E-01,9.242733E-01,8.674605E-01,7.916425E-01,7.001581E-01,5.928710E-01,4.852763E-01,3.830702E-01,2.843041E-01,1.961761E-01,1.316192E-01,8.240577E-02,4.710447E-02,2.517762E-02,1.131055E-02,5.609209E-03,2.122744E-03,4.998750E-04,1.249922E-04,1.249922E-04,1.249922E-04
-121.84770,37.68524,0.00000,1.000000E+00,1.000000E+00,1.000000E+00,1.000000E+00,1.000000E+00,1.000000E+00,1.000000E+00,1.000000E+00,1.000000E+00,1.000000E+00,1.000000E+00,9.999999E-01,9.999986E-01,9.999868E-01,9.999105E-01,9.995309E-01,9.980565E-01,9.935521E-01,9.822479E-01,9.587715E-01,9.181097E-01,8.562242E-01,7.738937E-01,6.765627E-01,5.672629E-01,4.526955E-01,3.450032E-01,2.448773E-01,1.647298E-01,1.029332E-01,6.281540E-02,3.415315E-02,1.747059E-02,1.007392E-02,4.240981E-03,2.247471E-03,7.497188E-04,2.499688E-04,1.249922E-04,0.000000E+00
-121.84718,37.73020,0.00000,1.000000E+00,1.000000E+00,1.000000E+00,1.000000E+00,1.000000E+00,1.000000E+00,1.000000E+00,1.000000E+00,1.000000E+00,1.000000E+00,1.000000E+00,9.999998E-01,9.999981E-01,9.999837E-01,9.998895E-01,9.994531E-01,9.977641E-01,9.928427E-01,9.805834E-01,9.552315E-01,9.110784E-01,8.466451E-01,7.608406E-01,6.615910E-01,5.518489E-01,4.403116E-01,3.325228E-01,2.346140E-01,1.548575E-01,9.572793E-02,5.363315E-02,3.076676E-02,1.476491E-02,6.106280E-03,3.742978E-03,1.374055E-03,3.749297E-04,0.000000E+00,0.000000E+00,0.000000E+00
-121.84666,37.77517,0.00000,1.000000E+00,1.000000E+00,1.000000E+00,1.000000E+00,1.000000E+00,1.000000E+00,1.000000E+00,1.000000E+00,1.000000E+00,1.000000E+00,1.000000E+00,9.999998E-01,9.999974E-01,9.999784E-01,9.998651E-01,9.993477E-01,9.974737E-01,9.919634E-01,9.787654E-01,9.519854E-01,9.070785E-01,8.383182E-01,7.525075E-01,6.495808E-01,5.306939E-01,4.166687E-01,3.039787E-01,2.146494E-01,1.436919E-01,9.051339E-02,5.516975E-02,3.052443E-02,1.513431E-02,8.092081E-03,3.742978E-03,2.372182E-03,6.248047E-04,3.749297E-04,1.249922E-04,1.249922E-04
-121.84615,37.82014,0.00000,1.000000E+00,1.000000E+00,1.000000E+00,1.000000E+00,1.000000E+00,1.000000E+00,1.000000E+00,1.000000E+00,1.000000E+00,1.000000E+00,1.000000E+00,9.999996E-01,9.999966E-01,9.999732E-01,9.998379E-01,9.992281E-01,9.970759E-01,9.910076E-01,9.766200E-01,9.482976E-01,9.005525E-01,8.324335E-01,7.395254E-01,6.319366E-01,5.171262E-01,4.033204E-01,2.981250E-01,2.071530E-01,1.378922E-01,8.914813E-02,5.540593E-02,3.161447E-02,1.771619E-02,8.463977E-03,3.493882E-03,1.498876E-03,8.746173E-04,2.499688E-04,1.249922E-04,0.000000E+00
-121.84563,37.86510,0.00000,1.000000E+00,1.000000E+00,1.000000E+00,1.000000E+00,1.000000E+00,1.000000E+00,1.000000E+00,1.000000E+00,1.000000E+00,1.000000E+00,9.999999E-01,9.999996E-01,9.999958E-01,9.999685E-01,9.998094E-01,9.991211E-01,9.967358E-01,9.899645E-01,9.748651E-01,9.446871E-01,8.966749E-01,8.255078E-01,7.333984E-01,6.205377E-01,5.007384E-01,3.819896E-01,2.809864E-01,2.028800E-01,1.382155E-01,8.948964E-02,5.682176E-02,3.463595E-02,1.980133E-02,1.032137E-02,5.360581E-03,2.746222E-03,1.249219E-03,7.497188E-04,3.749297E-04,0.000000E+00
-121.84511,37.91007,0.00000,1.000000E+00,1.000000E+00,1.000000E+00,1.000000E+00,1.000000E+00,1.000000E+00,1.000000E+00,1.000000E+00,1.000000E+00,1.000000E+00,9.999999E-01,9.999994E-01,9.999942E-01,9.999571E-01,9.997550E-01,9.989154E-01,9.960808E-01,9.884377E-01,9.710736E-01,9.380390E-01,8.838067E-01,8.072286E-01,7.086923E-01,5.961149E-01,4.776278E-01,3.631684E-01,2.651765E-01,1.820876E-01,1.203666E-01,7.549794E-02,4.615109E-02,2.700370E-02,1.328595E-02,6.106280E-03,2.746222E-03,1.873243E-03,8.746173E-04,3.749297E-04,2.499688E-04,1.249922E-04
-121.84458,37.95503,0.00000,1.000000E+00,1.000000E+00,1.000000E+00,1.000000E+00,1.000000E+00,1.000000E+00,1.000000E+00,1.000000E+00,1.000000E+00,1.000000E+00,9.999999E-01,9.999993E-01,9.999938E-01,9.999549E-01,9.997487E-01,9.988849E-01,9.960375E-01,9.882834E-01,9.712610E-01,9.384481E-01,8.843139E-01,8.078300E-01,7.079996E-01,5.950028E-01,4.715859E-01,3.559636E-01,2.526712E-01,1.743836E-01,1.105260E-01,6.457097E-02,3.848970E-02,2.151517E-02,1.106335E-02,5.609209E-03,2.247471E-03,1.374055E-03,3.749297E-04,0.000000E+00,0.000000E+00,0.000000E+00
-121.84406,38.00000,0.00000,1.000000E+00,1.000000E+00,1.000000E+00,1.000000E+00,1.000000E+00,1.000000E+00,1.000000E+00,1.000000E+00,1.000000E+00,1.000000E+00,9.999999E-01,9.999991E-01,9.999922E-01,9.999457E-01,9.997077E-01,9.987628E-01,9.955568E-01,9.873187E-01,9.690382E-01,9.344456E-01,8.793667E-01,7.968885E-01,6.936800E-01,5.754604E-01,4.540621E-01,3.422136E-01,2.434601E-01,1.645209E-01,1.069610E-01,6.258107E-02,3.608292E-02,1.980133E-02,1.032137E-02,5.360581E-03,2.995505E-03,1.249219E-03,3.749297E-04,2.499688E-04,1.249922E-04,1.249922E-04
-121.79901,37.01075,0.00000,1.000000E+00,1.000000E+00,1.000000E+00,1.000000E+00,1.000000E+00,1.000000E+00,1.000000E+00,1.000000E+00,1.000000E+00,1.000000E+00,1.000000E+00,1.000000E+00,1.000000E+00,9.999999E-01,9.999992E-01,9.999900E-01,9.999123E-01,9.994400E-01,9.972939E-01,9.900581E-01,9.715149E-01,9.333466E-01,8.694502E-01,7.815613E-01,6.742092E-01,5.656914E-01,4.621900E-01,3.663446E-01,2.810763E-01,2.108114E-01,1.508335E-01,1.056204E-01,6.351802E-02,3.668518E-02,1.894328E-02,9.331192E-03,5.236243E-03,1.873243E-03,8.746173E-04,6.248047E-04
-121.79848,37.05571,0.00000,1.000000E+00,1.000000E+00,1.000000E+00,1.000000E+00,1.000000E+00,1.000000E+00,1.000000E+00,1.000000E+00,1.000000E+00,1.000000E+00,1.000000E+00,1.000000E+00,1.000000E+00,9.999999E-01,9.999987E-01,9.999855E-01,9.998757E-01,9.992729E-01,9.967407E-01,9.888465E-01,9.684246E-01,9.297100E-01,8.648844E-01,7.741197E-01,6.701525E-01,5.657457E-01,4.643370E-01,3.726496E-01,2.932830E-01,2.246960E-01,1.579156E-01,1.060675E-01,6.632326E-02,3.885020E-02,2.273752E-02,1.229874E-02,6.106280E-03,1.998001E-03,4.998750E-04,0.000000E+00
-121.79794,37.10068,0.00000,1.000000E+00,1.000000E+00,1.000000E+00,1.000000E+00,1.000000E+00,1.000000E+00,1.000000E+00,1.000000E+00,1.000000E+00,1.000000E+00,1.000000E+00,1.000000E+00,1.000000E+00,9.999999E-01,9.999983E-01,9.999815E-01,9.998492E-01,9.991295E-01,9.962938E-01,9.875636E-01,9.660885E-01,9.248580E-01,8.615506E-01,7.756953E-01,6.731079E-01,5.642232E-01,4.568529E-01,3.616541E-01,2.711228E-01,1.940632E-01,1.285746E-01,7.872804E-02,4.459983E-02,2.481199E-02,1.168124E-02,6.106280E-03,2.496878E-03,1.374055E-03,3.749297E-04,1.249922E-04
-121.79741,37.14565,0.00000,1.000000E+00,1.000000E+00,1.000000E+00,1.000000E+00,1.000000E+00,1.000000E+00,1.000000E+00,1.000000E+00,1.000000E+00,1.000000E+00,1.000000E+00,1.000000E+00,1.000000E+00,9.999998E-01,9.999974E-01,9.999730E-01,9.998032E-01,9.989310E-01,9.955110E-01,9.855744E-01,9.625500E-01,9.206887E-01,8.557922E-01,7.702182E-01,6.687891E-01,5.564191E-01,4.453261E-01,3.311029E-01,2.288520E-01,1.508335E-01,9.221707E-02,4.984011E-02,2.688207E-02,1.414895E-02,5.982036E-03,3.244724E-03,9.995002E-04,2.499688E-04,0.000000E+00,0.000000E+00
-121.79688,37.19061,0.00000,1.000000E+00,1.000000E+00,1.000000E+00,1.000000E+00,1.000000E+00,1.000000E+00,1.000000E+00,1.000000E+00,1.000000E+00,1.000000E+00,1.000000E+00,1.000000E+00,1.000000E+00,9.999998E-01,9.999973E-01,9.999720E-01,9.997867E-01,9.988672E-01,9.954289E-01,9.856014E-01,9.638426E-01,9.246699E-01,8.624991E-01,7.780104E-01,6.746162E-01,5.601735E-01,4.418486E-01,3.263200E-01,2.271150E-01,1.479627E-01,8.572602E-02,4.995887E-02,2.749008E-02,1.242220E-02,5.111889E-03,1.623680E-03,6.248047E-04,1.249922E-04,0.000000E+00,0.000000E+00
-121.79633,37.23558,0.00000,1.000000E+00,1.000000E+00,1.000000E+00,1.000000E+00,1.000000E+00,1.000000E+00,1.000000E+00,1.000000E+00,1.000000E+00,1.000000E+00,1.000000E+00,1.000000E+00,1.000000E+00,9.999996E-01,9.999955E-01,9.999576E-01,9.997060E-01,9.985260E-01,9.943826E-01,9.830332E-01,9.589720E-01,9.164763E-01,8.525845E-01,7.695854E-01,6.710584E-01,5.548638E-01,4.389807E-01,3.260673E-01,2.251804E-01,1.461502E-01,8.595457E-02,4.888947E-02,2.359225E-02,9.578828E-03,3.992011E-03,1.623680E-03,4.998750E-04,2.499688E-04,1.249922E-04,1.249922E-04
-121.79579,37.28054,0.00000,1.000000E+00,1.000000E+00,1.000000E+00,1.000000E+00,1.000000E+00,1.000000E+00,1.000000E+00,1.000000E+00,1.000000E+00,1.000000E+00,1.000000E+00,1.000000E+00,1.000000E+00,9.999995E-01,9.999937E-01,9.999424E-01,9.996185E-01,9.981758E-01,9.933048E-01,9.804298E-01,9.549508E-01,9.112672E-01,8.483416E-01,7.643718E-01,6.654186E-01,5.569732E-01,4.435205E-01,3.312701E-01,2.257613E-01,1.466837E-01,8.458247E-02,4.531611E-02,2.261535E-02,9.331192E-03,2.746222E-03,4.998750E-04,1.249922E-04,0.000000E+00,0.000000E+00,0.000000E+00
-121.79526,37.32551,0.00000,1.000000E+00,1.000000E+00,1.000000E+00,1.000000E+00,1.000000E+00,1.000000E+00,1.000000E+00,1.000000E+00,1.000000E+00,1.000000E+00,1.000000E+00,1.000000E+00,9.999999E-01,9.999993E-01,9.999911E-01,9.999250E-01,9.995323E-01,9.978518E-01,9.923935E-01,9.787495E-01,9.516058E-01,9.076228E-01,8.427825E-01,7.624198E-01,6.695748E-01,5.733857E-01,4.635329E-01,3.578125E-01,2.628766E-01,1.818831E-01,1.167306E-01,6.713986E-02,3.572138E-02,1.783897E-02,7.968085E-03,2.372182E-03,7.497188E-04,2.499688E-04,0.000000E+00,0.000000E+00
-121.79472,37.37048,0.00000,1.000000E+00,1.000000E+00,1.000000E+00,1.000000E+00,1.000000E+00,1.000000E+00,1.000000E+00,1.000000E+00,1.000000E+00,1.000000E+00,1.000000E+00,1.000000E+00,9.999999E-01,9.999990E-01,9.999881E-01,9.999034E-01,9.994237E-01,9.974872E-01,9.914472E-01,9.767308E-01,9.487095E-01,9.024851E-01,8.399470E-01,7.638410E-01,6.763200E-01,5.810484E-01,4.829548E-01,3.809071E-01,2.921337E-01,2.100219E-01,1.406895E-01,8.823682E-02,5.161999E-02,2.749008E-02,1.069243E-02,3.618438E-03,1.249219E-03,1.249922E-04,0.000000E+00,0.000000E+00
-121.79417,37.41544,0.00000,1.000000E+00,1.000000E+00,1.000000E+00,1.000000E+00,1.000000E+00,1.000000E+00,1.000000E+00,1.000000E+00,1.000000E+00,1.000000E+00,1.000000E+00,1.000000E+00,9.999999E-01,9.999985E-01,9.999834E-01,9.998768E-01,9.993218E-01,9.970912E-01,9.904193E-01,9.749749E-01,9.451279E-01,8.986449E-01,8.368565E-01,7.585577E-01,6.743721E-01,5.853726E-01,4.893138E-01,3.937725E-01,3.030210E-01,2.239203E-01,1.552799E-01,9.651882E-02,5.493351E-02,3.040323E-02,1.624166E-02,8.340027E-03,3.867502E-03,1.498876E-03,7.497188E-04,2.499688E-04
-121.79362,37.46041,0.00000,1.000000E+00,1.000000E+00,1.000000E+00,1.000000E+00,1.000000E+00,1.000000E+00,1.000000E+00,1.000000E+00,1.000000E+00,1.000000E+00,1.000000E+00,1.000000E+00,9.999998E-01,9.999973E-01,9.999746E-01,9.998259E-01,9.990860E-01,9.963952E-01,9.886411E-01,9.710121E-01,9.385020E-01,8.876908E-01,8.210681E-01,7.444277E-01,6.556167E-01,5.646043E-01,4.703294E-01,3.778817E-01,2.869830E-01,2.097256E-01,1.449754E-01,9.278426E-02,5.457905E-02,2.919048E-02,1.451857E-02,6.727270E-03,3.244724E-03,1.748470E-03,7.497188E-04,1.249922E-04
-121.79308,37.50537,0.00000,1.000000E+00,1.000000E+00,1.000000E+00,1.000000E+00,1.000000E+00,1.000000E+00,1.000000E+00,1.000000E+00,1.000000E+00,1.000000E+00,1.000000E+00,1.000000E+00,9.999997E-01,9.999964E-01,9.999678E-01,9.997894E-01,9.989627E-01,9.960086E-01,9.879673E-01,9.686996E-01,9.341170E-01,8.823305E-01,8.136959E-01,7.300450E-01,6.366904E-01,5.363498E-01,4.370841E-01,3.401548E-01,2.551892E-01,1.745900E-01,1.115261E-01,6.877095E-02,3.860988E-02,1.820721E-02,7.968085E-03,3.120122E-03,9.995002E-04,6.248047E-04,1.249922E-04,0.000000E+00
-121.79253,37.55034,0.00000,1.000000E+00,1.000000E+00,1.000000E+00,1.000000E+00,1.000000E+00,1.000000E+00,1.000000E+00,1.000000E+00,1.000000E+00,1.000000E+00,1.000000E+00,9.999999E-01,9.999995E-01,9.999947E-01,9.999574E-01,9.997424E-01,9.987862E-01,9.955105E-01,9.866335E-01,9.672385E-01,9.320087E-01,8.797281E-01,8.060442E-01,7.204642E-01,6.193976E-01,5.073715E-01,3.995044E-01,2.996149E-01,2.094291E-01,1.382155E-01,8.263514E-02,4.579334E-02,2.334811E-02,1.168124E-02,5.484903E-03,2.496878E-03,9.995002E-04,0.000000E+00,0.000000E+00,0.000000E+00
-121.79198,37.59531,0.00000,1.000000E+00,1.000000E+00,1.000000E+00,1.000000E+00,1.000000E+00,1.000000E+00,1.000000E+00,1.000000E+00,1.000000E+00,1.000000E+00,1.000000E+00,9.999999E-01,9.999993E-01,9.999924E-01,9.999438E-01,9.996762E-01,9.985446E-01,9.948112E-01,9.849424E-01,9.633237E-01,9.248298E-01,8.644785E-01,7.856457E-01,6.888562E-01,5.777362E-01,4.679405E-01,3.562050E-01,2.520170E-01,1.720065E-01,1.062909E-01,6.269824E-02,3.427387E-02,1.574966E-02,6.478921E-03,1.998001E-03,9.995002E-04,6.248047E-04,1.249922E-04,1.249922E-04,0.000000E+00
-121.79144,37.64027,0.00000,1.000000E+00,1.000000E+00,1.000000E+00,1.000000E+00,1.000000E+00,1.000000E+00,1.000000E+00,1.000000E+00,1.000000E+00,1.000000E+00,1.000000E+00,9.999999E-01,9.999990E-01,9.999905E-01,9.999297E-01,9.996126E-01,9.983540E-01,9.942848E-01,9.837615E-01,9.607037E-01,9.198917E-01,8.583293E-01,7.754990E-01,6.736794E-01,5.615458E-01,4.419881E-01,3.300150E-01,2.389072E-01,1.574944E-01,9.629292E-02,5.623209E-02,2.906912E-02,1.501119E-02,7.844074E-03,3.742978E-03,1.748470E-03,6.248047E-04,1.249922E-04,0.000000E+00,0.000000E+00
-121.79089,37.68524,0.00000,1.000000E+00,1.000000E+00,1.000000E+00,1.000000E+00,1.000000E+00,1.000000E+00,1.000000E+00,1.000000E+00,1.000000E+00,1.000000E+00,1.000000E+00,9.999999E-01,9.999987E-01,9.999883E-01,9.999181E-01,9.995557E-01,9.981268E-01,9.936995E-01,9.820133E-01,9.573403E-01,9.135445E-01,8.487771E-01,7.591606E-01,6.502809E-01,5.346661E-01,4.187795E-01,3.102148E-01,2.167082E-01,1.382155E-01,8.091347E-02,4.519677E-02,2.249317E-02,1.069243E-02,5.111889E-03,2.122744E-03,9.995002E-04,1.249922E-04,0.000000E+00,0.000000E+00,0.000000E+00
-121.79033,37.73020,0.00000,1.000000E+00,1.000000E+00,1.000000E+00,1.000000E+00,1.000000E+00,1.000000E+00,1.000000E+00,1.000000E+00,1.000000E+00,1.000000E+00,1.000000E+00,9.999998E-01,9.999982E-01,9.999842E-01,9.998940E-01,9.994572E-01,9.976862E-01,9.925850E-01,9.794958E-01,9.531357E-01,9.073337E-01,8.397267E-01,7.464958E-01,6.323963E-01,5.134910E-01,4.022006E-01,2.975106E-01,2.085393E-01,1.362743E-01,8.412465E-02,5.114568E-02,2.991831E-02,1.525741E-02,8.340027E-03,3.742978E-03,1.873243E-03,3.749297E-04,1.249922E-04,0.000000E+00,0.000000E+00
-121.78978,37.77517,0.00000,1.000000E+00,1.000000E+00,1.000000E+00,1.000000E+00,1.000000E+00,1.000000E+00,1.000000E+00,1.000000E+00,1.000000E+00,1.000000E+00,1.000000E+00,9.999998E-01,9.999978E-01,9.999816E-01,9.998785E-01,9.993862E-01,9.975386E-01,9.919211E-01,9.782524E-01,9.502938E-01,9.018001E-01,8.284705E-01,7.313914E-01,6.223359E-01,5.036009E-01,3.893614E-01,2.866264E-01,2.038757E-01,1.384309E-01,9.085438E-02,5.564205E-02,3.197755E-02,1.906590E-02,1.019765E-02,4.738736E-03,2.372182E-03,1.124367E-03,2.499688E-04,1.249922E-04,0.000000E+00
-121.78922,37.82014,0.00000,1.000000E+00,1.000000E+00,1.000000E+00,1.000000E+00,1.000000E+00,1.000000E+00,1.000000E+00,1.000000E+00,1.000000E+00,1.000000E+00,1.000000E+00,9.999997E-01,9.999968E-01,9.999741E-01,9.998409E-01,9.992210E-01,9.970059E-01,9.905146E-01,9.751557E-01,9.449355E-01,8.946930E-01,8.180457E-01,7.194140E-01,6.022772E-01,4.853406E-01,3.687952E-01,2.677439E-01,1.888076E-01,1.268300E-01,8.079857E-02,5.185705E-02,3.016081E-02,1.599569E-02,7.471945E-03,3.867502E-03,2.247471E-03,7.497188E-04,3.749297E-04,2.499688E-04,0.000000E+00
-121.78867,37.86510,0.00000,1.000000E+00,1.000000E+00,1.000000E+00,1.000000E+00,1.000000E+00,1.000000E+00,1.000000E+00,1.000000E+00,1.000000E+00,1.000000E+00,1.000000E+00,9.999996E-01,9.999962E-01,9.999711E-01,9.998237E-01,9.991620E-01,9.968560E-01,9.901927E-01,9.743510E-01,9.433507E-01,8.916485E-01,8.155497E-01,7.127421E-01,5.960644E-01,4.744185E-01,3.594961E-01,2.614009E-01,1.811669E-01,1.215752E-01,7.826729E-02,4.960254E-02,2.943315E-02,1.599569E-02,8.587912E-03,4.116504E-03,1.748470E-03,9.995002E-04,3.749297E-04,2.499688E-04,2.499688E-04
-121.78812,37.91007,0.00000,1.000000E+00,1.000000E+00,1.000000E+00,1.000000E+00,1.000000E+00,1.000000E+00,1.000000E+00,1.000000E+00,1.000000E+00,1.000000E+00,9.999999E-01,9.999994E-01,9.999944E-01,9.999586E-01,9.997627E-01,9.989388E-01,9.960320E-01,9.880885E-01,9.702150E-01,9.341581E-01,8.764983E-01,7.954617E-01,6.874529E-01,5.679656E-01,4.421276E-01,3.290093E-01,2.326022E-01,1.555967E-01,9.922520E-02,5.752888E-02,3.439458E-02,1.783897E-02,9.331192E-03,4.738736E-03,1.748470E-03,4.998750E-04,0.000000E+00,0.000000E+00,0.000000E+00,0.000000E+00
-121.78755,37.95503,0.00000,1.000000E+00,1.000000E+00,1.000000E+00,1.000000E+00,1.000000E+00,1.000000E+00,1.000000E+00,1.000000E+00,1.000000E+00,1.000000E+00,9.999999E-01,9.999993E-01,9.999930E-01,9.999502E-01,9.997128E-01,9.987240E-01,9.953835E-01,9.863225E-01,9.662703E-01,9.285226E-01,8.677089E-01,7.825693E-01,6.717156E-01,5.477974E-01,4.200132E-01,3.044136E-01,2.024813E-01,1.284657E-01,7.884319E-02,4.627032E-02,2.603022E-02,1.340928E-02,5.982036E-03,2.995505E-03,1.748470E-03,7.497188E-04,1.249922E-04,0.000000E+00,0.000000E+00,0.000000E+00
-121.78699,38.00000,0.00000,1.000000E+00,1.000000E+00,1.000000E+00,1.000000E+00,1.000000E+00,1.000000E+00,1.000000E+00,1.000000E+00,1.000000E+00,1.000000E+00,9.999999E-01,9.999991E-01,9.999918E-01,9.999409E-01,9.996731E-01,9.985687E-01,9.949946E-01,9.856768E-01,9.651778E-01,9.250081E-01,8.606303E-01,7.681408E-01,6.548409E-01,5.340258E-01,4.062221E-01,2.907165E-01,1.980829E-01,1.259564E-01,7.734510E-02,4.615109E-02,2.420231E-02,1.155769E-02,5.857776E-03,2.870871E-03,7.497188E-04,1.249922E-04,0.000000E+00,0.000000E+00,0.000000E+00,0.000000E+00
-121.74271,37.01075,0.00000,1.000000E+00,1.000000E+00,1.000000E+00,1.000000E+00,1.000000E+00,1.000000E+00,1.000000E+00,1.000000E+00,1.000000E+00,1.000000E+00,1.000000E+00,1.000000E+00,1.000000E+00,1.000000E+00,9.999995E-01,9.999937E-01,9.999415E-01,9.996109E-01,9.979973E-01,9.922708E-01,9.769854E-01,9.434780E-01,8.863066E-01,8.023979E-01,7.041048E-01,5.930744E-01,4.843747E-01,3.852257E-01,3.010143E-01,2.259548E-01,1.635805E-01,1.123032E-01,7.248842E-02,4.436095E-02,2.481199E-02,1.192829E-02,4.863136E-03,1.748470E-03,7.497188E-04,1.249922E-04
-121.74213,37.05571,0.00000,1.000000E+00,1.000000E+00,1.000000E+00,1.000000E+00,1.000000E+00,1.000000E+00,1.000000E+00,1.000000E+00,1.000000E+00,1.000000E+00,1.000000E+00,1.000000E+00,1.000000E+00,9.999999E-01,9.999993E-01,9.999911E-01,9.999196E-01,9.994955E-01,9.976131E-01,9.912340E-01,9.743446E-01,9.395537E-01,8.787923E-01,7.972436E-01,6.970689E-01,5.896521E-01,4.769091E-01,3.745288E-01,2.804469E-01,2.017832E-01,1.353020E-01,9.028599E-02,5.693965E-02,3.173551E-02,1.624166E-02,8.463977E-03,4.489890E-03,1.873243E-03,7.497188E-04,3.749297E-04
-121.74157,37.10068,0.00000,1.000000E+00,1.000000E+00,1.000000E+00,1.000000E+00,1.000000E+00,1.000000E+00,1.000000E+00,1.000000E+00,1.000000E+00,1.000000E+00,1.000000E+00,1.000000E+00,1.000000E+00,9.999999E-01,9.999988E-01,9.999866E-01,9.998882E-01,9.993135E-01,9.969229E-01,9.893373E-01,9.707097E-01,9.339933E-01,8.738931E-01,7.887050E-01,6.878823E-01,5.707110E-01,4.613827E-01,3.532206E-01,2.584406E-01,1.734542E-01,1.107483E-01,6.550593E-02,3.318682E-02,1.771619E-02,7.844074E-03,3.244724E-03,1.873243E-03,1.124367E-03,3.749297E-04,0.000000E+00
-121.74100,37.14565,0.00000,1.000000E+00,1.000000E+00,1.000000E+00,1.000000E+00,1.000000E+00,1.000000E+00,1.000000E+00,1.000000E+00,1.000000E+00,1.000000E+00,1.000000E+00,1.000000E+00,1.000000E+00,9.999999E-01,9.999981E-01,9.999794E-01,9.998382E-01,9.990821E-01,9.960999E-01,9.872376E-01,9.668097E-01,9.275783E-01,8.673943E-01,7.832748E-01,6.773300E-01,5.598986E-01,4.389106E-01,3.234507E-01,2.255677E-01,1.460435E-01,8.675401E-02,4.638953E-02,2.224876E-02,1.032137E-02,4.738736E-03,1.998001E-03,7.497188E-04,2.499688E-04,0.000000E+00,0.000000E+00
-121.74043,37.19061,0.00000,1.000000E+00,1.000000E+00,1.000000E+00,1.000000E+00,1.000000E+00,1.000000E+00,1.000000E+00,1.000000E+00,1.000000E+00,1.000000E+00,1.000000E+00,1.000000E+00,1.000000E+00,9.999998E-01,9.999976E-01,9.999753E-01,9.998151E-01,9.989892E-01,9.958359E-01,9.865732E-01,9.657733E-01,9.275059E-01,8.677585E-01,7.864480E-01,6.859255E-01,5.779473E-01,4.571244E-01,3.408967E-01,2.386218E-01,1.566515E-01,9.899998E-02,5.386972E-02,2.724692E-02,1.192829E-02,5.236243E-03,2.122744E-03,7.497188E-04,6.248047E-04,2.499688E-04,0.000000E+00
-121.73985,37.23558,0.00000,1.000000E+00,1.000000E+00,1.000000E+00,1.000000E+00,1.000000E+00,1.000000E+00,1.000000E+00,1.000000E+00,1.000000E+00,1.000000E+00,1.000000E+00,1.000000E+00,1.000000E+00,9.999998E-01,9.999965E-01,9.999654E-01,9.997563E-01,9.987539E-01,9.949959E-01,9.846900E-01,9.622634E-01,9.222398E-01,8.639693E-01,7.862344E-01,6.919521E-01,5.888820E-01,4.804930E-01,3.688742E-01,2.686587E-01,1.791173E-01,1.104148E-01,6.129123E-02,3.100904E-02,1.488806E-02,5.360581E-03,1.374055E-03,3.749297E-04,1.249922E-04,0.000000E+00,0.000000E+00
-121.73928,37.28054,0.00000,1.000000E+00,1.000000E+00,1.000000E+00,1.000000E+00,1.000000E+00,1.000000E+00,1.000000E+00,1.000000E+00,1.000000E+00,1.000000E+00,1.000000E+00,1.000000E+00,1.000000E+00,9.999996E-01,9.999943E-01,9.999477E-01,9.996466E-01,9.982855E-01,9.935818E-01,9.814122E-01,9.555660E-01,9.108000E-01,8.482848E-01,7.681698E-01,6.794205E-01,5.788432E-01,4.748782E-01,3.730415E-01,2.784654E-01,1.971802E-01,1.278118E-01,7.619106E-02,4.424149E-02,2.200430E-02,1.118696E-02,4.738736E-03,1.748470E-03,6.248047E-04,3.749297E-04,1.249922E-04
-121.73871,37.32551,0.00000,1.000000E+00,1.000000E+00,1.000000E+00,1.000000E+00,1.000000E+00,1.000000E+00,1.000000E+00,1.000000E+00,1.000000E+00,1.000000E+00,1.000000E+00,1.000000E+00,9.999999E-01,9.999994E-01,9.999923E-01,9.999330E-01,9.995697E-01,9.979675E-01,9.927464E-01,9.792327E-01,9.520034E-01,9.069273E-01,8.443079E-01,7.658984E-01,6.738018E-01,5.781055E-01,4.769745E-01,3.838409E-01,2.954000E-01,2.170019E-01,1.513641E-01,9.742185E-02,5.964705E-02,3.040323E-02,1.402571E-02,5.857776E-03,2.496878E-03,1.623680E-03,2.499688E-04,2.499688E-04
-121.73813,37.37048,0.00000,1.000000E+00,1.000000E+00,1.000000E+00,1.000000E+00,1.000000E+00,1.000000E+00,1.000000E+00,1.000000E+00,1.000000E+00,1.000000E+00,1.000000E+00,1.000000E+00,9.999999E-01,9.999990E-01,9.999889E-01,9.999092E-01,9.994627E-01,9.975945E-01,9.915693E-01,9.773110E-01,9.487352E-01,9.028744E-01,8.374265E-01,7.585880E-01,6.688719E-01,5.737056E-01,4.808176E-01,3.796677E-01,2.909825E-01,2.085393E-01,1.405821E-01,8.709641E-02,4.936491E-02,2.712532E-02,1.427217E-02,5.609209E-03,2.372182E-03,8.746173E-04,1.249922E-04,0.000000E+00
-121.73756,37.41544,0.00000,1.000000E+00,1.000000E+00,1.000000E+00,1.000000E+00,1.000000E+00,1.000000E+00,1.000000E+00,1.000000E+00,1.000000E+00,1.000000E+00,1.000000E+00,1.000000E+00,9.999999E-01,9.999986E-01,9.999847E-01,9.998804E-01,9.993029E-01,9.970209E-01,9.900507E-01,9.737247E-01,9.422135E-01,8.929945E-01,8.267033E-01,7.448746E-01,6.548409E-01,5.600086E-01,4.631975E-01,3.677687E-01,2.799071E-01,2.027803E-01,1.338958E-01,8.652566E-02,4.984011E-02,2.542130E-02,1.242220E-02,4.489890E-03,1.623680E-03,4.998750E-04,1.249922E-04,0.000000E+00
-121.73698,37.46041,0.00000,1.000000E+00,1.000000E+00,1.000000E+00,1.000000E+00,1.000000E+00,1.000000E+00,1.000000E+00,1.000000E+00,1.000000E+00,1.000000E+00,1.000000E+00,1.000000E+00,9.999999E-01,9.999979E-01,9.999783E-01,9.998463E-01,9.991447E-01,9.965869E-01,9.891219E-01,9.719810E-01,9.403642E-01,8.885022E-01,8.184320E-01,7.353574E-01,6.381860E-01,5.399867E-01,4.394013E-01,3.408967E-01,2.514558E-01,1.717995E-01,1.149623E-01,7.283618E-02,4.256745E-02,1.967879E-02,8.340027E-03,2.746222E-03,1.124367E-03,1.249922E-04,0.000000E+00,0.000000E+00
-121.73640,37.50537,0.00000,1.000000E+00,1.000000E+00,1.000000E+00,1.000000E+00,1.000000E+00,1.000000E+00,1.000000E+00,1.000000E+00,1.000000E+00,1.000000E+00,1.000000E+00,1.000000E+00,9.999998E-01,9.999973E-01,9.999745E-01,9.998229E-01,9.990914E-01,9.963930E-01,9.886624E-01,9.708595E-01,9.372910E-01,8.830197E-01,8.083578E-01,7.181838E-01,6.140317E-01,5.042210E-01,3.970222E-01,2.904505E-01,2.012841E-01,1.310763E-01,8.137289E-02,4.746174E-02,2.481199E-02,1.365590E-02,4.614321E-03,1.998001E-03,7.497188E-04,0.000000E+00,0.000000E+00,0.000000E+00
-121.73582,37.55034,0.00000,1.000000E+00,1.000000E+00,1.000000E+00,1.000000E+00,1.000000E+00,1.000000E+00,1.000000E+00,1.000000E+00,1.000000E+00,1.000000E+00,1.000000E+00,9.999999E-01,9.999995E-01,9.999951E-01,9.999591E-01,9.997537E-01,9.988071E-01,9.955105E-01,9.862022E-01,9.659653E-01,9.290301E-01,8.706198E-01,7.904934E-01,6.929132E-01,5.851134E-01,4.656077E-01,3.485958E-01,2.412819E-01,1.571784E-01,9.719618E-02,5.386972E-02,2.858354E-02,1.402571E-02,5.236243E-03,1.748470E-03,3.749297E-04,0.000000E+00,0.000000E+00,0.000000E+00,0.000000E+00
-121.73523,37.59531,0.00000,1.000000E+00,1.000000E+00,1.000000E+00,1.000000E+00,1.000000E+00,1.000000E+00,1.000000E+00,1.000000E+00,1.000000E+00,1.000000E+00,1.000000E+00,9.999999E-01,9.999994E-01,9.999934E-01,9.999493E-01,9.997009E-01,9.986255E-01,9.950016E-01,9.855690E-01,9.643409E-01,9.253448E-01,8.632533E-01,7.783986E-01,6.708116E-01,5.548638E-01,4.328463E-01,3.132260E-01,2.167082E-01,1.428351E-01,8.332291E-02,4.436095E-02,2.456817E-02,1.069243E-02,4.738736E-03,1.374055E-03,4.998750E-04,0.000000E+00,0.000000E+00,0.000000E+00,0.000000E+00
-121.73465,37.64027,0.00000,1.000000E+00,1.000000E+00,1.000000E+00,1.000000E+00,1.000000E+00,1.000000E+00,1.000000E+00,1.000000E+00,1.000000E+00,1.000000E+00,1.000000E+00,9.999999E-01,9.999992E-01,9.999917E-01,9.999362E-01,9.996390E-01,9.983399E-01,9.943417E-01,9.836944E-01,9.608508E-01,9.182836E-01,8.533747E-01,7.627462E-01,6.547978E-01,5.327426E-01,4.156470E-01,3.030210E-01,2.044726E-01,1.324872E-01,7.907345E-02,4.603186E-02,2.420231E-02,1.106335E-02,4.987521E-03,2.496878E-03,8.746173E-04,2.499688E-04,0.000000E+00,0.000000E+00,0.000000E+00
-121.73406,37.68524,0.00000,1.000000E+00,1.000000E+00,1.000000E+00,1.000000E+00,1.000000E+00,1.000000E+00,1.000000E+00,1.000000E+00,1.000000E+00,1.000000E+00,1.000000E+00,9.999999E-01,9.999988E-01,9.999887E-01,9.999185E-01,9.995487E-01,9.980736E-01,9.933607E-01,9.811525E-01,9.554826E-01,9.097909E-01,8.382576E-01,7.435637E-01,6.302766E-01,5.093994E-01,3.892851E-01,2.831402E-01,1.963770E-01,1.287924E-01,7.918856E-02,4.829484E-02,2.688207E-02,1.266906E-02,5.733500E-03,2.372182E-03,7.497188E-04,2.499688E-04,1.249922E-04,1.249922E-04,1.249922E-04
-121.73347,37.73020,0.00000,1.000000E+00,1.000000E+00,1.000000E+00,1.000000E+00,1.000000E+00,1.000000E+00,1.000000E+00,1.000000E+00,1.000000E+00,1.000000E+00,1.000000E+00,9.999999E-01,9.999985E-01,9.999864E-01,9.999044E-01,9.995021E-01,9.978649E-01,9.926652E-01,9.798036E-01,9.529067E-01,9.056270E-01,8.323706E-01,7.334984E-01,6.162446E-01,4.931296E-01,3.733549E-01,2.686587E-01,1.842318E-01,1.270483E-01,8.148772E-02,5.280472E-02,2.955447E-02,1.636462E-02,8.959621E-03,4.116504E-03,1.873243E-03,7.497188E-04,1.249922E-04,1.249922E-04,0.000000E+00
-121.73289,37.77517,0.00000,1.000000E+00,1.000000E+00,1.000000E+00,1.000000E+00,1.000000E+00,1.000000E+00,1.000000E+00,1.000000E+00,1.000000E+00,1.000000E+00,1.000000E+00,9.999998E-01,9.999976E-01,9.999799E-01,9.998661E-01,9.993349E-01,9.972810E-01,9.911801E-01,9.760431E-01,9.448252E-01,8.903131E-01,8.085732E-01,7.033271E-01,5.834505E-01,4.604393E-01,3.490028E-01,2.514558E-01,1.746931E-01,1.204765E-01,7.630652E-02,4.412201E-02,2.712532E-02,1.538049E-02,8.711830E-03,4.489890E-03,2.372182E-03,7.497188E-04,2.499688E-04,1.249922E-04,0.000000E+00
-121.73230,37.82014,0.00000,1.000000E+00,1.000000E+00,1.000000E+00,1.000000E+00,1.000000E+00,1.000000E+00,1.000000E+00,1.000000E+00,1.000000E+00,1.000000E+00,1.000000E+00,9.999997E-01,9.999970E-01,9.999748E-01,9.998426E-01,9.992297E-01,9.969066E-01,9.902854E-01,9.742739E-01,9.423217E-01,8.874238E-01,8.053398E-01,6.994451E-01,5.814149E-01,4.566491E-01,3.356027E-01,2.356657E-01,1.589675E-01,1.046137E-01,6.783925E-02,4.101035E-02,2.505576E-02,1.340928E-02,7.968085E-03,3.992011E-03,1.498876E-03,4.998750E-04,0.000000E+00,0.000000E+00,0.000000E+00
-121.73171,37.86510,0.00000,1.000000E+00,1.000000E+00,1.000000E+00,1.000000E+00,1.000000E+00,1.000000E+00,1.000000E+00,1.000000E+00,1.000000E+00,1.000000E+00,1.000000E+00,9.999996E-01,9.999961E-01,9.999694E-01,9.998112E-01,9.991021E-01,9.965723E-01,9.892583E-01,9.721278E-01,9.382246E-01,8.812815E-01,7.967107E-01,6.887006E-01,5.637326E-01,4.391911E-01,3.214180E-01,2.267285E-01,1.526361E-01,9.187660E-02,5.847088E-02,3.668518E-02,2.139286E-02,1.192829E-02,6.478921E-03,2.122744E-03,2.499688E-04,1.249922E-04,1.249922E-04,0.000000E+00,0.000000E+00
-121.73112,37.91007,0.00000,1.000000E+00,1.000000E+00,1.000000E+00,1.000000E+00,1.000000E+00,1.000000E+00,1.000000E+00,1.000000E+00,1.000000E+00,1.000000E+00,9.999999E-01,9.999994E-01,9.999943E-01,9.999561E-01,9.997416E-01,9.988031E-01,9.955712E-01,9.868702E-01,9.664217E-01,9.273789E-01,8.640373E-01,7.739785E-01,6.584035E-01,5.286951E-01,4.015277E-01,2.845725E-01,1.903272E-01,1.204765E-01,7.260435E-02,4.244776E-02,2.542130E-02,1.340928E-02,6.851421E-03,3.120122E-03,1.498876E-03,6.248047E-04,1.249922E-04,1.249922E-04,0.000000E+00,0.000000E+00
-121.73053,37.95503,0.00000,1.000000E+00,1.000000E+00,1.000000E+00,1.000000E+00,1.000000E+00,1.000000E+00,1.000000E+00,1.000000E+00,1.000000E+00,1.000000E+00,9.999999E-01,9.999993E-01,9.999932E-01,9.999506E-01,9.997154E-01,9.987039E-01,9.952239E-01,9.860322E-01,9.649420E-01,9.243017E-01,8.592472E-01,7.668912E-01,6.493179E-01,5.177295E-01,3.851488E-01,2.697549E-01,1.727307E-01,1.048375E-01,6.527228E-02,3.740739E-02,1.857531E-02,9.207350E-03,4.240981E-03,2.372182E-03,7.497188E-04,1.249922E-04,0.000000E+00,0.000000E+00,0.000000E+00,0.000000E+00
-121.72993,38.00000,0.00000,1.000000E+00,1.000000E+00,1.000000E+00,1.000000E+00,1.000000E+00,1.000000E+00,1.000000E+00,1.000000E+00,1.000000E+00,1.000000E+00,9.999999E-01,9.999992E-01,9.999921E-01,9.999425E-01,9.996728E-01,9.985541E-01,9.948358E-01,9.848688E-01,9.632549E-01,9.212912E-01,8.540695E-01,7.585577E-01,6.372350E-01,4.988000E-01,3.680058E-01,2.537913E-01,1.670236E-01,9.990053E-02,5.905915E-02,2.955447E-02,1.587268E-02,9.331192E-03,3.992011E-03,1.998001E-03,8.746173E-04,7.497188E-04,0.000000E+00,0.000000E+00,0.000000E+00,0.000000E+00
