# mean, investigation_time=50.0, imt="SA(1.8)"
lon,lat,depth,poe-0.001,poe-0.0012,poe-0.0016,poe-0.002,poe-0.0024,poe-0.0031,poe-0.0038,poe-0.0048,poe-0.006,poe-0.0074,poe-0.0093,poe-0.0116,poe-0.0145,poe-0.0182,poe-0.0227,poe-0.0284,poe-0.0355,poe-0.0443,poe-0.0554,poe-0.0693,poe-0.0866,poe-0.1082,poe-0.1353,poe-0.1691,poe-0.2114,poe-0.2642,poe-0.3302,poe-0.4127,poe-0.5158,poe-0.6448,poe-0.8059,poe-1.0073,poe-1.259,poe-1.5736,poe-1.9669,poe-2.4584,poe-3.0727,poe-3.8406,poe-4.8004,poe-6.0
-122.64369,37.01075,0.00000,1.000000E+00,1.000000E+00,9.999999E-01,9.999994E-01,9.999964E-01,9.999650E-01,9.998323E-01,9.991543E-01,9.968430E-01,9.905489E-01,9.735302E-01,9.398853E-01,8.805670E-01,7.925002E-01,6.809795E-01,5.566962E-01,4.307867E-01,3.197195E-01,2.289484E-01,1.598081E-01,1.015866E-01,6.152588E-02,3.548028E-02,1.980133E-02,8.959621E-03,5.360581E-03,1.998001E-03,8.746173E-04,1.249922E-04,1.249922E-04,0.000000E+00,0.000000E+00,0.000000E+00,0.000000E+00,0.000000E+00,0.000000E+00,0.000000E+00,0.000000E+00,0.000000E+00,0.000000E+00
-122.64365,37.05571,0.00000,1.000000E+00,1.000000E+00,9.999999E-01,9.999995E-01,9.999968E-01,9.999691E-01,9.998475E-01,9.992499E-01,9.971071E-01,9.912088E-01,9.758235E-01,9.442777E-01,8.890998E-01,8.032113E-01,6.949410E-01,5.706037E-01,4.507766E-01,3.407319E-01,2.418507E-01,1.667112E-01,1.109706E-01,7.097999E-02,4.280677E-02,2.469009E-02,1.353260E-02,7.471945E-03,3.742978E-03,1.498876E-03,9.995002E-04,1.249922E-04,1.249922E-04,1.249922E-04,0.000000E+00,0.000000E+00,0.000000E+00,0.000000E+00,0.000000E+00,0.000000E+00,0.000000E+00,0.000000E+00
-122.64362,37.10068,0.00000,1.000000E+00,1.000000E+00,9.999999E-01,9.999994E-01,9.999964E-01,9.999655E-01,9.998327E-01,9.991831E-01,9.969401E-01,9.909059E-01,9.750592E-01,9.429242E-01,8.853504E-01,7.992359E-01,6.903693E-01,5.702278E-01,4.547441E-01,3.464753E-01,2.528580E-01,1.780905E-01,1.173928E-01,7.387865E-02,4.400252E-02,2.688207E-02,1.377919E-02,6.106280E-03,3.244724E-03,1.249219E-03,3.749297E-04,1.249922E-04,0.000000E+00,0.000000E+00,0.000000E+00,0.000000E+00,0.000000E+00,0.000000E+00,0.000000E+00,0.000000E+00,0.000000E+00,0.000000E+00
-122.64359,37.14565,0.00000,1.000000E+00,1.000000E+00,9.999999E-01,9.999995E-01,9.999969E-01,9.999698E-01,9.998561E-01,9.992933E-01,9.973857E-01,9.921598E-01,9.784553E-01,9.496371E-01,8.981878E-01,8.186588E-01,7.170896E-01,5.966195E-01,4.789973E-01,3.719434E-01,2.779241E-01,1.984837E-01,1.300982E-01,8.148772E-02,4.769984E-02,2.785470E-02,1.365590E-02,6.727270E-03,3.120122E-03,1.873243E-03,8.746173E-04,3.749297E-04,1.249922E-04,0.000000E+00,0.000000E+00,0.000000E+00,0.000000E+00,0.000000E+00,0.000000E+00,0.000000E+00,0.000000E+00,0.000000E+00
-122.64355,37.19061,0.00000,1.000000E+00,1.000000E+00,9.999999E-01,9.999995E-01,9.999968E-01,9.999699E-01,9.998540E-01,9.992869E-01,9.973508E-01,9.922583E-01,9.783283E-01,9.502440E-01,8.986576E-01,8.222941E-01,7.211971E-01,6.040134E-01,4.839234E-01,3.805975E-01,2.804469E-01,2.009846E-01,1.399373E-01,9.550183E-02,6.058694E-02,3.548028E-02,1.906590E-02,9.702623E-03,4.489890E-03,1.623680E-03,9.995002E-04,3.749297E-04,3.749297E-04,2.499688E-04,0.000000E+00,0.000000E+00,0.000000E+00,0.000000E+00,0.000000E+00,0.000000E+00,0.000000E+00,0.000000E+00
-122.64352,37.23558,0.00000,1.000000E+00,1.000000E+00,9.999999E-01,9.999995E-01,9.999970E-01,9.999723E-01,9.998683E-01,9.993708E-01,9.975533E-01,9.928212E-01,9.798263E-01,9.535498E-01,9.055443E-01,8.295818E-01,7.339644E-01,6.216271E-01,4.993635E-01,3.946812E-01,3.012764E-01,2.184686E-01,1.529538E-01,1.027090E-01,6.492169E-02,4.077058E-02,2.188204E-02,1.106335E-02,5.982036E-03,2.746222E-03,1.249219E-03,4.998750E-04,1.249922E-04,0.000000E+00,0.000000E+00,0.000000E+00,0.000000E+00,0.000000E+00,0.000000E+00,0.000000E+00,0.000000E+00,0.000000E+00
-122.64349,37.28054,0.00000,1.000000E+00,1.000000E+00,9.999999E-01,9.999994E-01,9.999967E-01,9.999697E-01,9.998611E-01,9.993385E-01,9.974976E-01,9.925609E-01,9.796795E-01,9.536253E-01,9.059685E-01,8.324754E-01,7.391670E-01,6.280980E-01,5.111135E-01,4.049590E-01,3.055430E-01,2.235321E-01,1.595981E-01,1.090794E-01,7.028297E-02,4.412201E-02,2.590846E-02,1.525741E-02,7.099677E-03,3.493882E-03,1.249219E-03,2.499688E-04,0.000000E+00,0.000000E+00,0.000000E+00,0.000000E+00,0.000000E+00,0.000000E+00,0.000000E+00,0.000000E+00,0.000000E+00,0.000000E+00
-122.64346,37.32551,0.00000,1.000000E+00,1.000000E+00,9.999999E-01,9.999994E-01,9.999965E-01,9.999695E-01,9.998591E-01,9.993403E-01,9.975630E-01,9.928749E-01,9.803931E-01,9.553656E-01,9.088501E-01,8.391447E-01,7.483900E-01,6.383669E-01,5.225281E-01,4.156470E-01,3.193792E-01,2.366205E-01,1.696226E-01,1.156258E-01,7.364709E-02,4.603186E-02,2.894775E-02,1.451857E-02,8.340027E-03,4.240981E-03,2.122744E-03,6.248047E-04,1.249922E-04,1.249922E-04,1.249922E-04,0.000000E+00,0.000000E+00,0.000000E+00,0.000000E+00,0.000000E+00,0.000000E+00,0.000000E+00
-122.64342,37.37048,0.00000,1.000000E+00,1.000000E+00,9.999999E-01,9.999993E-01,9.999965E-01,9.999695E-01,9.998609E-01,9.993391E-01,9.975517E-01,9.930177E-01,9.810722E-01,9.573776E-01,9.138681E-01,8.443663E-01,7.543874E-01,6.464570E-01,5.358860E-01,4.327754E-01,3.319385E-01,2.509878E-01,1.888076E-01,1.336792E-01,9.312440E-02,6.351802E-02,3.812907E-02,2.298180E-02,1.279247E-02,7.099677E-03,2.746222E-03,1.498876E-03,4.998750E-04,1.249922E-04,1.249922E-04,0.000000E+00,0.000000E+00,0.000000E+00,0.000000E+00,0.000000E+00,0.000000E+00,0.000000E+00
-122.64339,37.41544,0.00000,1.000000E+00,1.000000E+00,9.999999E-01,9.999993E-01,9.999962E-01,9.999672E-01,9.998506E-01,9.993160E-01,9.975984E-01,9.931807E-01,9.814331E-01,9.581641E-01,9.143405E-01,8.454133E-01,7.572868E-01,6.522425E-01,5.422811E-01,4.387001E-01,3.446757E-01,2.670113E-01,2.006849E-01,1.481757E-01,1.050612E-01,6.935278E-02,4.268712E-02,2.542130E-02,1.402571E-02,7.347872E-03,2.870871E-03,1.748470E-03,6.248047E-04,0.000000E+00,0.000000E+00,0.000000E+00,0.000000E+00,0.000000E+00,0.000000E+00,0.000000E+00,0.000000E+00,0.000000E+00
-122.64335,37.46041,0.00000,1.000000E+00,1.000000E+00,9.999999E-01,9.999993E-01,9.999964E-01,9.999698E-01,9.998669E-01,9.993894E-01,9.977952E-01,9.938458E-01,9.833422E-01,9.618317E-01,9.212617E-01,8.565115E-01,7.747682E-01,6.702350E-01,5.578583E-01,4.554933E-01,3.655520E-01,2.865372E-01,2.167082E-01,1.609626E-01,1.138553E-01,7.503557E-02,4.936491E-02,2.931182E-02,1.722492E-02,8.835734E-03,4.738736E-03,1.998001E-03,6.248047E-04,2.499688E-04,1.249922E-04,0.000000E+00,0.000000E+00,0.000000E+00,0.000000E+00,0.000000E+00,0.000000E+00,0.000000E+00
-122.64332,37.50537,0.00000,1.000000E+00,1.000000E+00,9.999999E-01,9.999993E-01,9.999961E-01,9.999685E-01,9.998628E-01,9.993966E-01,9.978464E-01,9.939025E-01,9.832712E-01,9.616691E-01,9.220646E-01,8.597565E-01,7.768140E-01,6.756315E-01,5.701203E-01,4.681400E-01,3.735116E-01,2.960162E-01,2.336567E-01,1.740739E-01,1.299895E-01,9.130884E-02,6.164318E-02,3.728706E-02,2.078103E-02,1.254564E-02,6.603103E-03,2.746222E-03,1.498876E-03,6.248047E-04,3.749297E-04,1.249922E-04,1.249922E-04,1.249922E-04,0.000000E+00,0.000000E+00,0.000000E+00,0.000000E+00
-122.64328,37.55034,0.00000,1.000000E+00,1.000000E+00,9.999999E-01,9.999992E-01,9.999956E-01,9.999647E-01,9.998476E-01,9.993418E-01,9.977560E-01,9.935076E-01,9.827876E-01,9.610996E-01,9.220549E-01,8.610304E-01,7.796692E-01,6.821736E-01,5.804195E-01,4.781500E-01,3.920271E-01,3.093520E-01,2.466686E-01,1.911364E-01,1.462569E-01,1.097474E-01,7.584456E-02,4.686621E-02,2.870495E-02,1.451857E-02,7.347872E-03,3.369311E-03,1.873243E-03,1.124367E-03,2.499688E-04,0.000000E+00,0.000000E+00,0.000000E+00,0.000000E+00,0.000000E+00,0.000000E+00,0.000000E+00
-122.64325,37.59531,0.00000,1.000000E+00,1.000000E+00,9.999999E-01,9.999992E-01,9.999956E-01,9.999663E-01,9.998556E-01,9.993690E-01,9.978163E-01,9.938696E-01,9.836802E-01,9.630938E-01,9.260507E-01,8.679566E-01,7.903886E-01,6.947884E-01,5.949015E-01,4.917338E-01,4.030220E-01,3.253930E-01,2.620469E-01,2.072521E-01,1.621155E-01,1.231111E-01,8.812284E-02,5.788224E-02,3.692598E-02,1.992384E-02,1.155769E-02,5.982036E-03,2.372182E-03,6.248047E-04,2.499688E-04,1.249922E-04,0.000000E+00,0.000000E+00,0.000000E+00,0.000000E+00,0.000000E+00,0.000000E+00
-122.64321,37.64027,0.00000,1.000000E+00,1.000000E+00,9.999999E-01,9.999990E-01,9.999951E-01,9.999638E-01,9.998476E-01,9.993430E-01,9.978040E-01,9.939548E-01,9.841803E-01,9.641845E-01,9.274334E-01,8.689433E-01,7.934319E-01,7.017654E-01,5.979283E-01,4.984239E-01,4.087403E-01,3.317714E-01,2.732153E-01,2.254709E-01,1.790146E-01,1.410117E-01,1.074074E-01,7.630652E-02,5.244946E-02,3.173551E-02,1.845263E-02,9.702623E-03,5.609209E-03,3.244724E-03,1.998001E-03,8.746173E-04,1.249922E-04,0.000000E+00,0.000000E+00,0.000000E+00,0.000000E+00,0.000000E+00
-122.64318,37.68524,0.00000,1.000000E+00,1.000000E+00,9.999999E-01,9.999989E-01,9.999948E-01,9.999614E-01,9.998454E-01,9.993384E-01,9.978125E-01,9.940419E-01,9.845013E-01,9.652778E-01,9.308689E-01,8.772677E-01,8.048770E-01,7.126703E-01,6.131623E-01,5.150697E-01,4.238429E-01,3.481071E-01,2.874285E-01,2.385266E-01,1.966783E-01,1.563352E-01,1.208063E-01,9.062707E-02,6.140856E-02,3.981087E-02,2.285967E-02,1.402571E-02,8.092081E-03,4.240981E-03,2.247471E-03,7.497188E-04,2.499688E-04,2.499688E-04,0.000000E+00,0.000000E+00,0.000000E+00,0.000000E+00
-122.64314,37.73020,0.00000,1.000000E+00,1.000000E+00,9.999999E-01,9.999988E-01,9.999942E-01,9.999591E-01,9.998364E-01,9.993200E-01,9.977207E-01,9.938073E-01,9.841763E-01,9.651299E-01,9.316422E-01,8.770374E-01,8.036782E-01,7.136384E-01,6.127753E-01,5.168847E-01,4.291478E-01,3.552386E-01,2.932830E-01,2.434601E-01,2.050690E-01,1.724204E-01,1.405821E-01,1.088567E-01,7.884319E-02,5.434266E-02,3.294509E-02,1.820721E-02,9.207350E-03,4.116504E-03,1.748470E-03,4.998750E-04,0.000000E+00,0.000000E+00,0.000000E+00,0.000000E+00,0.000000E+00,0.000000E+00
-122.64311,37.77517,0.00000,1.000000E+00,1.000000E+00,9.999998E-01,9.999986E-01,9.999936E-01,9.999554E-01,9.998237E-01,9.992871E-01,9.976986E-01,9.939473E-01,9.842926E-01,9.651604E-01,9.326178E-01,8.796378E-01,8.067219E-01,7.181485E-01,6.192548E-01,5.227071E-01,4.377170E-01,3.659484E-01,3.071038E-01,2.623236E-01,2.195425E-01,1.841298E-01,1.560187E-01,1.258471E-01,9.414407E-02,6.620654E-02,4.268712E-02,2.688207E-02,1.525741E-02,8.092081E-03,3.867502E-03,1.124367E-03,1.249922E-04,1.249922E-04,0.000000E+00,0.000000E+00,0.000000E+00,0.000000E+00
-122.64307,37.82014,0.00000,1.000000E+00,1.000000E+00,9.999998E-01,9.999986E-01,9.999934E-01,9.999551E-01,9.998251E-01,9.993169E-01,9.978128E-01,9.942172E-01,9.851127E-01,9.669629E-01,9.356633E-01,8.843573E-01,8.175219E-01,7.303485E-01,6.346411E-01,5.366396E-01,4.491265E-01,3.734333E-01,3.151976E-01,2.700287E-01,2.343269E-01,1.974812E-01,1.644165E-01,1.338958E-01,1.056204E-01,7.642198E-02,5.173853E-02,3.342849E-02,1.992384E-02,1.155769E-02,5.236243E-03,2.870871E-03,8.746173E-04,4.998750E-04,1.249922E-04,0.000000E+00,0.000000E+00,0.000000E+00
-122.64304,37.86510,0.00000,1.000000E+00,1.000000E+00,9.999998E-01,9.999985E-01,9.999929E-01,9.999542E-01,9.998291E-01,9.993193E-01,9.978534E-01,9.942955E-01,9.853655E-01,9.680633E-01,9.365260E-01,8.867322E-01,8.217601E-01,7.376957E-01,6.386380E-01,5.466088E-01,4.601020E-01,3.840719E-01,3.215877E-01,2.742139E-01,2.333692E-01,1.979826E-01,1.667112E-01,1.396147E-01,1.110817E-01,8.629727E-02,5.976459E-02,3.680558E-02,2.127052E-02,1.168124E-02,5.857776E-03,3.120122E-03,9.995002E-04,1.249922E-04,0.000000E+00,0.000000E+00,0.000000E+00,0.000000E+00
-122.64301,37.91007,0.00000,1.000000E+00,1.000000E+00,9.999998E-01,9.999982E-01,9.999923E-01,9.999484E-01,9.998040E-01,9.992386E-01,9.976380E-01,9.939048E-01,9.850960E-01,9.676576E-01,9.363114E-01,8.882510E-01,8.193601E-01,7.392322E-01,6.497559E-01,5.556977E-01,4.642700E-01,3.882154E-01,3.248869E-01,2.715782E-01,2.295265E-01,1.942647E-01,1.579156E-01,1.263933E-01,9.753466E-02,7.109611E-02,4.853274E-02,3.028203E-02,1.771619E-02,9.331192E-03,3.992011E-03,2.247471E-03,2.499688E-04,1.249922E-04,0.000000E+00,0.000000E+00,0.000000E+00,0.000000E+00
-122.64297,37.95503,0.00000,1.000000E+00,1.000000E+00,9.999997E-01,9.999979E-01,9.999909E-01,9.999430E-01,9.997889E-01,9.992161E-01,9.975557E-01,9.937816E-01,9.847949E-01,9.675076E-01,9.364466E-01,8.864344E-01,8.204183E-01,7.374989E-01,6.441514E-01,5.570286E-01,4.689372E-01,3.871438E-01,3.187834E-01,2.678355E-01,2.219776E-01,1.842318E-01,1.459367E-01,1.165097E-01,8.435359E-02,5.823547E-02,3.836950E-02,2.359225E-02,1.340928E-02,6.603103E-03,2.496878E-03,1.124367E-03,3.749297E-04,1.249922E-04,1.249922E-04,0.000000E+00,0.000000E+00,0.000000E+00
-122.64294,38.00000,0.00000,1.000000E+00,1.000000E+00,9.999996E-01,9.999975E-01,9.999899E-01,9.999385E-01,9.997824E-01,9.991831E-01,9.974992E-01,9.936322E-01,9.844139E-01,9.668347E-01,9.367241E-01,8.892799E-01,8.223607E-01,7.435637E-01,6.560899E-01,5.627499E-01,4.750094E-01,3.955129E-01,3.263200E-01,2.659110E-01,2.148457E-01,1.674400E-01,1.286835E-01,9.504947E-02,6.445403E-02,4.172933E-02,2.334811E-02,1.353260E-02,6.230509E-03,2.995505E-03,8.746173E-04,1.249922E-04,0.000000E+00,0.000000E+00,0.000000E+00,0.000000E+00,0.000000E+00,0.000000E+00
-122.58738,37.01075,0.00000,1.000000E+00,1.000000E+00,1.000000E+00,9.999997E-01,9.999979E-01,9.999779E-01,9.998855E-01,9.993957E-01,9.975679E-01,9.925665E-01,9.783256E-01,9.493467E-01,8.966620E-01,8.113996E-01,7.043266E-01,5.843867E-01,4.634658E-01,3.490028E-01,2.558406E-01,1.765480E-01,1.165097E-01,7.318379E-02,4.388301E-02,2.408033E-02,1.353260E-02,6.106280E-03,2.746222E-03,1.374055E-03,3.749297E-04,2.499688E-04,0.000000E+00,0.000000E+00,0.000000E+00,0.000000E+00,0.000000E+00,0.000000E+00,0.000000E+00,0.000000E+00,0.000000E+00,0.000000E+00
-122.58731,37.05571,0.00000,1.000000E+00,1.000000E+00,1.000000E+00,9.999997E-01,9.999982E-01,9.999805E-01,9.998981E-01,9.994583E-01,9.978288E-01,9.933032E-01,9.810864E-01,9.544297E-01,9.053553E-01,8.303046E-01,7.317269E-01,6.102988E-01,4.861763E-01,3.759345E-01,2.730336E-01,1.928534E-01,1.327040E-01,8.423913E-02,4.829484E-02,2.809771E-02,1.636462E-02,8.711830E-03,4.987521E-03,2.496878E-03,6.248047E-04,1.249922E-04,1.249922E-04,0.000000E+00,0.000000E+00,0.000000E+00,0.000000E+00,0.000000E+00,0.000000E+00,0.000000E+00,0.000000E+00,0.000000E+00
-122.58724,37.10068,0.00000,1.000000E+00,1.000000E+00,1.000000E+00,9.999997E-01,9.999982E-01,9.999807E-01,9.999017E-01,9.994841E-01,9.979451E-01,9.937074E-01,9.817255E-01,9.561453E-01,9.085191E-01,8.354844E-01,7.379579E-01,6.212012E-01,5.010503E-01,3.864540E-01,2.868938E-01,2.059628E-01,1.436919E-01,9.764747E-02,5.905915E-02,3.644432E-02,2.175977E-02,1.155769E-02,4.365444E-03,1.748470E-03,6.248047E-04,1.249922E-04,1.249922E-04,1.249922E-04,1.249922E-04,0.000000E+00,0.000000E+00,0.000000E+00,0.000000E+00,0.000000E+00,0.000000E+00,0.000000E+00
-122.58717,37.14565,0.00000,1.000000E+00,1.000000E+00,1.000000E+00,9.999997E-01,9.999981E-01,9.999803E-01,9.999006E-01,9.994875E-01,9.979900E-01,9.938227E-01,9.823607E-01,9.585596E-01,9.128500E-01,8.398669E-01,7.426324E-01,6.277260E-01,5.081099E-01,4.019764E-01,3.029339E-01,2.216858E-01,1.555967E-01,1.032696E-01,6.760618E-02,3.800882E-02,2.200430E-02,1.155769E-02,5.360581E-03,2.621558E-03,8.746173E-04,2.499688E-04,1.249922E-04,0.000000E+00,0.000000E+00,0.000000E+00,0.000000E+00,0.000000E+00,0.000000E+00,0.000000E+00,0.000000E+00,0.000000E+00
-122.58711,37.19061,0.00000,1.000000E+00,1.000000E+00,1.000000E+00,9.999997E-01,9.999980E-01,9.999797E-01,9.998995E-01,9.994937E-01,9.980419E-01,9.940187E-01,9.824771E-01,9.578702E-01,9.116656E-01,8.400069E-01,7.456388E-01,6.355533E-01,5.226474E-01,4.139645E-01,3.117650E-01,2.293338E-01,1.625343E-01,1.104148E-01,6.877095E-02,4.208861E-02,2.395833E-02,1.254564E-02,6.230509E-03,2.870871E-03,7.497188E-04,2.499688E-04,0.000000E+00,0.000000E+00,0.000000E+00,0.000000E+00,0.000000E+00,0.000000E+00,0.000000E+00,0.000000E+00,0.000000E+00,0.000000E+00
-122.58704,37.23558,0.00000,1.000000E+00,1.000000E+00,1.000000E+00,9.999996E-01,9.999979E-01,9.999790E-01,9.998977E-01,9.994853E-01,9.980389E-01,9.940441E-01,9.828220E-01,9.594360E-01,9.165181E-01,8.457414E-01,7.539265E-01,6.426805E-01,5.312216E-01,4.219674E-01,3.243803E-01,2.432709E-01,1.759302E-01,1.216850E-01,8.584030E-02,5.351485E-02,3.003957E-02,1.488806E-02,6.603103E-03,4.116504E-03,1.748470E-03,6.248047E-04,2.499688E-04,2.499688E-04,1.249922E-04,0.000000E+00,0.000000E+00,0.000000E+00,0.000000E+00,0.000000E+00,0.000000E+00,0.000000E+00
-122.58698,37.28054,0.00000,1.000000E+00,1.000000E+00,1.000000E+00,9.999996E-01,9.999979E-01,9.999792E-01,9.998999E-01,9.995081E-01,9.981080E-01,9.942006E-01,9.831769E-01,9.603336E-01,9.160996E-01,8.468940E-01,7.554902E-01,6.493617E-01,5.355378E-01,4.335548E-01,3.363498E-01,2.552823E-01,1.867771E-01,1.312935E-01,8.971724E-02,5.729323E-02,3.764801E-02,2.285967E-02,1.217527E-02,5.733500E-03,2.496878E-03,9.995002E-04,3.749297E-04,3.749297E-04,1.249922E-04,0.000000E+00,0.000000E+00,0.000000E+00,0.000000E+00,0.000000E+00,0.000000E+00,0.000000E+00
-122.58691,37.32551,0.00000,1.000000E+00,1.000000E+00,9.999999E-01,9.999996E-01,9.999977E-01,9.999794E-01,9.999018E-01,9.995245E-01,9.981559E-01,9.945239E-01,9.846575E-01,9.627648E-01,9.225792E-01,8.583647E-01,7.721630E-01,6.652513E-01,5.526326E-01,4.515313E-01,3.539478E-01,2.746674E-01,2.045720E-01,1.483886E-01,1.019235E-01,6.457097E-02,4.268712E-02,2.432428E-02,1.316261E-02,6.478921E-03,2.746222E-03,1.998001E-03,3.749297E-04,1.249922E-04,0.000000E+00,0.000000E+00,0.000000E+00,0.000000E+00,0.000000E+00,0.000000E+00,0.000000E+00,0.000000E+00
-122.58684,37.37048,0.00000,1.000000E+00,1.000000E+00,9.999999E-01,9.999996E-01,9.999976E-01,9.999778E-01,9.998954E-01,9.994965E-01,9.981068E-01,9.944676E-01,9.842966E-01,9.629551E-01,9.235409E-01,8.602290E-01,7.758355E-01,6.744535E-01,5.659086E-01,4.649393E-01,3.627702E-01,2.799071E-01,2.127820E-01,1.569677E-01,1.105260E-01,7.283618E-02,4.710447E-02,3.088791E-02,1.636462E-02,7.968085E-03,3.618438E-03,1.748470E-03,9.995002E-04,2.499688E-04,2.499688E-04,0.000000E+00,0.000000E+00,0.000000E+00,0.000000E+00,0.000000E+00,0.000000E+00,0.000000E+00
-122.58677,37.41544,0.00000,1.000000E+00,1.000000E+00,9.999999E-01,9.999996E-01,9.999976E-01,9.999776E-01,9.998969E-01,9.995123E-01,9.982412E-01,9.948229E-01,9.852461E-01,9.655631E-01,9.286922E-01,8.682204E-01,7.875131E-01,6.889728E-01,5.796846E-01,4.746155E-01,3.814486E-01,3.011890E-01,2.341355E-01,1.785014E-01,1.285746E-01,8.629727E-02,5.693965E-02,3.644432E-02,2.102581E-02,1.155769E-02,5.733500E-03,2.995505E-03,1.748470E-03,3.749297E-04,0.000000E+00,0.000000E+00,0.000000E+00,0.000000E+00,0.000000E+00,0.000000E+00,0.000000E+00,0.000000E+00
-122.58670,37.46041,0.00000,1.000000E+00,1.000000E+00,9.999999E-01,9.999995E-01,9.999973E-01,9.999758E-01,9.998910E-01,9.994749E-01,9.981280E-01,9.945987E-01,9.848613E-01,9.651517E-01,9.290568E-01,8.708783E-01,7.892589E-01,6.893225E-01,5.879045E-01,4.869464E-01,3.952862E-01,3.146839E-01,2.453491E-01,1.861669E-01,1.396147E-01,9.922520E-02,6.608981E-02,4.220834E-02,2.603022E-02,1.279247E-02,6.975557E-03,3.742978E-03,1.623680E-03,2.499688E-04,0.000000E+00,0.000000E+00,0.000000E+00,0.000000E+00,0.000000E+00,0.000000E+00,0.000000E+00,0.000000E+00
-122.58663,37.50537,0.00000,1.000000E+00,1.000000E+00,9.999999E-01,9.999995E-01,9.999971E-01,9.999751E-01,9.998880E-01,9.994816E-01,9.981520E-01,9.946378E-01,9.852682E-01,9.659100E-01,9.300255E-01,8.701987E-01,7.941536E-01,6.937183E-01,5.920048E-01,4.910345E-01,3.989788E-01,3.213332E-01,2.570489E-01,1.998851E-01,1.517883E-01,1.140768E-01,8.297908E-02,5.729323E-02,3.692598E-02,2.029130E-02,1.081608E-02,6.975557E-03,3.244724E-03,1.124367E-03,2.499688E-04,0.000000E+00,0.000000E+00,0.000000E+00,0.000000E+00,0.000000E+00,0.000000E+00,0.000000E+00
-122.58656,37.55034,0.00000,1.000000E+00,1.000000E+00,9.999999E-01,9.999995E-01,9.999970E-01,9.999754E-01,9.998900E-01,9.994990E-01,9.982151E-01,9.947649E-01,9.857108E-01,9.666851E-01,9.322124E-01,8.767142E-01,8.008357E-01,7.082185E-01,6.043103E-01,5.017359E-01,4.137447E-01,3.383377E-01,2.752112E-01,2.248898E-01,1.748994E-01,1.338958E-01,1.008002E-01,7.063154E-02,4.400252E-02,2.991831E-02,1.771619E-02,9.455018E-03,5.484903E-03,3.369311E-03,1.498876E-03,8.746173E-04,1.249922E-04,1.249922E-04,1.249922E-04,1.249922E-04,1.249922E-04,0.000000E+00
-122.58649,37.59531,0.00000,1.000000E+00,1.000000E+00,9.999999E-01,9.999993E-01,9.999965E-01,9.999722E-01,9.998793E-01,9.994597E-01,9.980859E-01,9.946237E-01,9.852277E-01,9.660715E-01,9.306091E-01,8.763592E-01,8.034326E-01,7.107243E-01,6.106396E-01,5.103185E-01,4.216783E-01,3.437740E-01,2.825127E-01,2.319305E-01,1.870820E-01,1.483886E-01,1.111929E-01,8.033886E-02,5.410622E-02,3.403242E-02,1.771619E-02,1.007392E-02,4.738736E-03,2.621558E-03,1.374055E-03,3.749297E-04,2.499688E-04,1.249922E-04,0.000000E+00,0.000000E+00,0.000000E+00,0.000000E+00
-122.58643,37.64027,0.00000,1.000000E+00,1.000000E+00,9.999999E-01,9.999993E-01,9.999962E-01,9.999710E-01,9.998731E-01,9.994497E-01,9.980698E-01,9.945731E-01,9.857500E-01,9.682027E-01,9.352842E-01,8.821833E-01,8.113053E-01,7.216497E-01,6.241255E-01,5.278696E-01,4.423368E-01,3.639639E-01,3.021492E-01,2.493944E-01,2.087371E-01,1.753119E-01,1.372454E-01,1.061792E-01,7.746042E-02,5.197556E-02,3.149342E-02,1.722492E-02,9.455018E-03,4.240981E-03,1.748470E-03,3.749297E-04,1.249922E-04,0.000000E+00,0.000000E+00,0.000000E+00,0.000000E+00,0.000000E+00
-122.58636,37.68524,0.00000,1.000000E+00,1.000000E+00,9.999999E-01,9.999992E-01,9.999962E-01,9.999707E-01,9.998764E-01,9.994542E-01,9.981106E-01,9.947741E-01,9.861071E-01,9.686173E-01,9.367873E-01,8.848621E-01,8.136493E-01,7.277746E-01,6.284698E-01,5.308698E-01,4.421276E-01,3.676897E-01,3.086610E-01,2.627845E-01,2.236292E-01,1.909342E-01,1.601231E-01,1.263933E-01,9.629292E-02,6.912009E-02,4.495804E-02,2.554311E-02,1.402571E-02,6.603103E-03,3.493882E-03,1.249219E-03,6.248047E-04,2.499688E-04,1.249922E-04,0.000000E+00,0.000000E+00,0.000000E+00
-122.58629,37.73020,0.00000,1.000000E+00,1.000000E+00,9.999999E-01,9.999992E-01,9.999960E-01,9.999697E-01,9.998735E-01,9.994597E-01,9.981431E-01,9.948967E-01,9.864535E-01,9.694381E-01,9.383480E-01,8.885440E-01,8.189985E-01,7.348276E-01,6.390894E-01,5.455875E-01,4.570565E-01,3.816805E-01,3.178461E-01,2.680185E-01,2.304890E-01,1.982833E-01,1.674400E-01,1.357343E-01,1.065143E-01,7.642198E-02,5.327820E-02,3.499790E-02,2.175977E-02,1.303924E-02,5.982036E-03,2.496878E-03,1.124367E-03,3.749297E-04,1.249922E-04,0.000000E+00,0.000000E+00,0.000000E+00
-122.58622,37.77517,0.00000,1.000000E+00,1.000000E+00,9.999999E-01,9.999990E-01,9.999953E-01,9.999651E-01,9.998604E-01,9.994186E-01,9.980654E-01,9.947143E-01,9.861971E-01,9.696133E-01,9.390910E-01,8.890582E-01,8.222496E-01,7.361501E-01,6.416965E-01,5.457579E-01,4.567850E-01,3.852257E-01,3.217572E-01,2.753018E-01,2.329858E-01,1.987842E-01,1.683761E-01,1.384309E-01,1.081881E-01,8.102834E-02,5.587811E-02,3.572138E-02,2.114817E-02,1.044507E-02,4.116504E-03,1.998001E-03,8.746173E-04,4.998750E-04,2.499688E-04,1.249922E-04,1.249922E-04,1.249922E-04
-122.58615,37.82014,0.00000,1.000000E+00,1.000000E+00,9.999999E-01,9.999988E-01,9.999943E-01,9.999601E-01,9.998432E-01,9.993652E-01,9.979223E-01,9.944084E-01,9.857304E-01,9.688791E-01,9.388852E-01,8.897908E-01,8.244138E-01,7.405004E-01,6.458820E-01,5.518489E-01,4.619883E-01,3.824529E-01,3.180166E-01,2.677439E-01,2.257613E-01,1.920459E-01,1.604380E-01,1.315107E-01,1.015866E-01,7.422587E-02,4.877058E-02,3.149342E-02,1.611868E-02,7.471945E-03,3.493882E-03,1.623680E-03,2.499688E-04,1.249922E-04,1.249922E-04,0.000000E+00,0.000000E+00,0.000000E+00
-122.58608,37.86510,0.00000,1.000000E+00,1.000000E+00,9.999999E-01,9.999988E-01,9.999945E-01,9.999620E-01,9.998529E-01,9.994030E-01,9.980453E-01,9.948021E-01,9.867316E-01,9.708704E-01,9.422063E-01,8.959101E-01,8.309186E-01,7.522599E-01,6.588302E-01,5.681276E-01,4.769091E-01,3.914188E-01,3.249713E-01,2.697549E-01,2.251804E-01,1.848434E-01,1.513641E-01,1.187157E-01,8.835079E-02,6.492169E-02,4.256745E-02,2.700370E-02,1.513431E-02,7.968085E-03,3.618438E-03,1.124367E-03,2.499688E-04,1.249922E-04,0.000000E+00,0.000000E+00,0.000000E+00,0.000000E+00
-122.58601,37.91007,0.00000,1.000000E+00,1.000000E+00,9.999998E-01,9.999985E-01,9.999931E-01,9.999548E-01,9.998295E-01,9.993254E-01,9.978510E-01,9.944703E-01,9.861158E-01,9.695943E-01,9.410314E-01,8.947719E-01,8.323287E-01,7.499264E-01,6.598096E-01,5.670465E-01,4.788018E-01,3.952862E-01,3.221810E-01,2.627845E-01,2.158265E-01,1.723170E-01,1.333543E-01,9.854937E-02,6.702325E-02,4.698535E-02,2.882636E-02,1.710207E-02,8.711830E-03,3.618438E-03,1.748470E-03,6.248047E-04,2.499688E-04,1.249922E-04,0.000000E+00,0.000000E+00,0.000000E+00,0.000000E+00
-122.58595,37.95503,0.00000,1.000000E+00,1.000000E+00,9.999998E-01,9.999985E-01,9.999931E-01,9.999558E-01,9.998299E-01,9.993436E-01,9.979187E-01,9.945472E-01,9.863566E-01,9.705997E-01,9.421412E-01,8.977286E-01,8.376701E-01,7.604517E-01,6.744535E-01,5.857353E-01,4.957837E-01,4.109534E-01,3.365156E-01,2.721243E-01,2.151401E-01,1.619060E-01,1.173928E-01,8.309370E-02,5.729323E-02,3.523912E-02,1.980133E-02,9.207350E-03,4.987521E-03,2.247471E-03,7.497188E-04,1.249922E-04,0.000000E+00,0.000000E+00,0.000000E+00,0.000000E+00,0.000000E+00,0.000000E+00
-122.58588,38.00000,0.00000,1.000000E+00,1.000000E+00,9.999997E-01,9.999981E-01,9.999919E-01,9.999492E-01,9.998133E-01,9.992861E-01,9.977391E-01,9.942144E-01,9.855419E-01,9.694839E-01,9.413108E-01,8.966103E-01,8.350933E-01,7.584974E-01,6.704410E-01,5.765734E-01,4.900793E-01,4.054795E-01,3.301825E-01,2.618624E-01,2.012841E-01,1.480692E-01,1.003505E-01,6.538911E-02,4.220834E-02,2.688207E-02,1.242220E-02,6.106280E-03,2.870871E-03,9.995002E-04,4.998750E-04,2.499688E-04,1.249922E-04,1.249922E-04,1.249922E-04,0.000000E+00,0.000000E+00,0.000000E+00
-122.53107,37.01075,0.00000,1.000000E+00,1.000000E+00,1.000000E+00,9.999998E-01,9.999988E-01,9.999864E-01,9.999253E-01,9.995879E-01,9.983013E-01,9.945499E-01,9.835409E-01,9.591970E-01,9.136093E-01,8.389636E-01,7.412777E-01,6.237024E-01,5.020472E-01,3.879859E-01,2.891188E-01,2.061613E-01,1.405821E-01,9.039970E-02,5.929435E-02,3.415315E-02,1.918851E-02,9.826402E-03,5.484903E-03,2.247471E-03,9.995002E-04,3.749297E-04,0.000000E+00,0.000000E+00,0.000000E+00,0.000000E+00,0.000000E+00,0.000000E+00,0.000000E+00,0.000000E+00,0.000000E+00,0.000000E+00
-122.53097,37.05571,0.00000,1.000000E+00,1.000000E+00,1.000000E+00,9.999998E-01,9.999988E-01,9.999869E-01,9.999288E-01,9.996001E-01,9.983455E-01,9.946525E-01,9.838507E-01,9.609339E-01,9.178739E-01,8.472381E-01,7.507067E-01,6.388637E-01,5.139166E-01,3.999546E-01,2.948713E-01,2.104167E-01,1.462569E-01,9.685756E-02,6.082176E-02,3.608292E-02,2.078103E-02,1.019765E-02,5.609209E-03,2.870871E-03,1.124367E-03,3.749297E-04,0.000000E+00,0.000000E+00,0.000000E+00,0.000000E+00,0.000000E+00,0.000000E+00,0.000000E+00,0.000000E+00,0.000000E+00,0.000000E+00
-122.53087,37.10068,0.00000,1.000000E+00,1.000000E+00,1.000000E+00,9.999998E-01,9.999988E-01,9.999871E-01,9.999300E-01,9.996157E-01,9.984218E-01,9.949953E-01,9.852129E-01,9.631030E-01,9.213895E-01,8.519196E-01,7.578021E-01,6.421441E-01,5.258588E-01,4.102166E-01,3.135693E-01,2.286592E-01,1.580208E-01,1.041659E-01,6.304966E-02,3.800882E-02,1.931110E-02,1.019765E-02,5.733500E-03,1.873243E-03,7.497188E-04,1.249922E-04,1.249922E-04,0.000000E+00,0.000000E+00,0.000000E+00,0.000000E+00,0.000000E+00,0.000000E+00,0.000000E+00,0.000000E+00,0.000000E+00
-122.53076,37.14565,0.00000,1.000000E+00,1.000000E+00,1.000000E+00,9.999998E-01,9.999988E-01,9.999872E-01,9.999320E-01,9.996323E-01,9.985001E-01,9.951432E-01,9.854531E-01,9.642650E-01,9.230231E-01,8.550512E-01,7.646367E-01,6.516334E-01,5.355958E-01,4.194330E-01,3.203994E-01,2.360478E-01,1.703489E-01,1.178340E-01,7.676826E-02,4.781887E-02,2.663876E-02,1.414895E-02,6.106280E-03,2.372182E-03,8.746173E-04,2.499688E-04,1.249922E-04,1.249922E-04,1.249922E-04,0.000000E+00,0.000000E+00,0.000000E+00,0.000000E+00,0.000000E+00,0.000000E+00,0.000000E+00
-122.53066,37.19061,0.00000,1.000000E+00,1.000000E+00,1.000000E+00,9.999998E-01,9.999986E-01,9.999860E-01,9.999276E-01,9.996096E-01,9.984413E-01,9.950053E-01,9.853252E-01,9.637748E-01,9.219476E-01,8.548518E-01,7.672988E-01,6.585742E-01,5.443931E-01,4.392612E-01,3.370131E-01,2.530448E-01,1.853527E-01,1.307504E-01,8.446804E-02,5.410622E-02,3.451528E-02,1.857531E-02,1.044507E-02,4.738736E-03,1.374055E-03,4.998750E-04,2.499688E-04,1.249922E-04,1.249922E-04,1.249922E-04,0.000000E+00,0.000000E+00,0.000000E+00,0.000000E+00,0.000000E+00,0.000000E+00
-122.53056,37.23558,0.00000,1.000000E+00,1.000000E+00,1.000000E+00,9.999998E-01,9.999987E-01,9.999868E-01,9.999309E-01,9.996380E-01,9.985414E-01,9.953951E-01,9.862865E-01,9.657434E-01,9.285316E-01,8.674605E-01,7.818069E-01,6.794606E-01,5.655828E-01,4.562415E-01,3.560441E-01,2.706671E-01,2.054664E-01,1.459367E-01,1.016989E-01,6.515543E-02,4.077058E-02,2.383632E-02,1.291586E-02,6.230509E-03,3.618438E-03,1.124367E-03,3.749297E-04,2.499688E-04,1.249922E-04,1.249922E-04,0.000000E+00,0.000000E+00,0.000000E+00,0.000000E+00,0.000000E+00,0.000000E+00
-122.53046,37.28054,0.00000,1.000000E+00,1.000000E+00,1.000000E+00,9.999998E-01,9.999985E-01,9.999853E-01,9.999260E-01,9.996077E-01,9.984652E-01,9.953493E-01,9.861867E-01,9.666058E-01,9.292516E-01,8.677585E-01,7.843018E-01,6.833633E-01,5.740784E-01,4.664753E-01,3.657106E-01,2.815255E-01,2.094291E-01,1.558077E-01,1.077420E-01,7.376287E-02,4.746174E-02,2.773317E-02,1.303924E-02,7.223782E-03,3.493882E-03,1.124367E-03,6.248047E-04,2.499688E-04,1.249922E-04,0.000000E+00,0.000000E+00,0.000000E+00,0.000000E+00,0.000000E+00,0.000000E+00,0.000000E+00
-122.53036,37.32551,0.00000,1.000000E+00,1.000000E+00,1.000000E+00,9.999998E-01,9.999985E-01,9.999851E-01,9.999263E-01,9.996201E-01,9.984981E-01,9.953800E-01,9.864721E-01,9.663545E-01,9.284333E-01,8.678741E-01,7.850554E-01,6.836006E-01,5.784218E-01,4.750751E-01,3.790471E-01,2.963682E-01,2.309698E-01,1.708672E-01,1.224532E-01,8.743868E-02,5.481537E-02,3.173551E-02,1.697920E-02,8.587912E-03,4.240981E-03,1.873243E-03,6.248047E-04,1.249922E-04,1.249922E-04,0.000000E+00,0.000000E+00,0.000000E+00,0.000000E+00,0.000000E+00,0.000000E+00,0.000000E+00
-122.53026,37.37048,0.00000,1.000000E+00,1.000000E+00,1.000000E+00,9.999998E-01,9.999984E-01,9.999846E-01,9.999241E-01,9.996197E-01,9.985439E-01,9.955406E-01,9.870285E-01,9.680553E-01,9.327777E-01,8.730866E-01,7.928630E-01,6.960068E-01,5.924636E-01,4.903979E-01,3.946055E-01,3.113348E-01,2.429871E-01,1.851490E-01,1.354101E-01,9.482320E-02,6.585630E-02,4.089047E-02,2.444623E-02,1.365590E-02,7.596003E-03,2.621558E-03,1.374055E-03,7.497188E-04,2.499688E-04,1.249922E-04,1.249922E-04,0.000000E+00,0.000000E+00,0.000000E+00,0.000000E+00,0.000000E+00
-122.53016,37.41544,0.00000,1.000000E+00,1.000000E+00,1.000000E+00,9.999997E-01,9.999982E-01,9.999824E-01,9.999170E-01,9.995901E-01,9.984848E-01,9.954169E-01,9.868801E-01,9.681908E-01,9.326010E-01,8.740506E-01,7.948728E-01,7.015790E-01,5.993332E-01,4.975454E-01,4.028727E-01,3.216724E-01,2.540711E-01,1.983835E-01,1.536946E-01,1.175031E-01,8.263514E-02,5.375144E-02,3.475662E-02,1.894328E-02,9.950167E-03,5.609209E-03,2.870871E-03,1.374055E-03,4.998750E-04,2.499688E-04,0.000000E+00,0.000000E+00,0.000000E+00,0.000000E+00,0.000000E+00,0.000000E+00
-122.53005,37.46041,0.00000,1.000000E+00,1.000000E+00,1.000000E+00,9.999997E-01,9.999981E-01,9.999824E-01,9.999168E-01,9.996080E-01,9.984695E-01,9.954477E-01,9.871800E-01,9.695715E-01,9.365022E-01,8.816815E-01,8.063349E-01,7.139246E-01,6.145139E-01,5.176089E-01,4.295758E-01,3.503035E-01,2.813458E-01,2.228524E-01,1.738674E-01,1.308591E-01,9.187660E-02,6.269824E-02,4.459983E-02,3.016081E-02,1.783897E-02,1.044507E-02,6.106280E-03,2.870871E-03,1.498876E-03,2.499688E-04,0.000000E+00,0.000000E+00,0.000000E+00,0.000000E+00,0.000000E+00,0.000000E+00
-122.52995,37.50537,0.00000,1.000000E+00,1.000000E+00,9.999999E-01,9.999997E-01,9.999980E-01,9.999821E-01,9.999161E-01,9.995922E-01,9.984871E-01,9.955468E-01,9.876302E-01,9.705703E-01,9.383711E-01,8.847325E-01,8.123872E-01,7.175843E-01,6.147065E-01,5.151908E-01,4.293619E-01,3.508718E-01,2.862696E-01,2.335609E-01,1.875899E-01,1.490271E-01,1.121922E-01,8.194686E-02,5.776447E-02,3.584190E-02,2.114817E-02,1.118696E-02,5.609209E-03,2.995505E-03,1.498876E-03,3.749297E-04,2.499688E-04,0.000000E+00,0.000000E+00,0.000000E+00,0.000000E+00,0.000000E+00
-122.52985,37.55034,0.00000,1.000000E+00,1.000000E+00,9.999999E-01,9.999996E-01,9.999979E-01,9.999824E-01,9.999174E-01,9.996026E-01,9.985643E-01,9.957782E-01,9.879733E-01,9.719180E-01,9.417785E-01,8.910373E-01,8.216487E-01,7.353574E-01,6.377335E-01,5.398142E-01,4.501584E-01,3.698989E-01,3.053693E-01,2.513622E-01,2.079454E-01,1.646254E-01,1.277027E-01,9.640588E-02,6.912009E-02,4.519677E-02,2.712532E-02,1.550356E-02,7.720046E-03,3.493882E-03,1.249219E-03,7.497188E-04,4.998750E-04,2.499688E-04,0.000000E+00,0.000000E+00,0.000000E+00,0.000000E+00
-122.52975,37.59531,0.00000,1.000000E+00,1.000000E+00,9.999999E-01,9.999996E-01,9.999978E-01,9.999810E-01,9.999126E-01,9.995944E-01,9.985481E-01,9.957867E-01,9.884290E-01,9.727241E-01,9.428385E-01,8.951396E-01,8.276107E-01,7.407273E-01,6.417861E-01,5.434810E-01,4.527639E-01,3.760125E-01,3.109903E-01,2.632451E-01,2.201276E-01,1.824964E-01,1.447616E-01,1.121922E-01,8.229106E-02,5.764668E-02,3.776830E-02,2.322602E-02,1.328595E-02,7.099677E-03,3.120122E-03,8.746173E-04,1.249922E-04,0.000000E+00,0.000000E+00,0.000000E+00,0.000000E+00,0.000000E+00
-122.52964,37.64027,0.00000,1.000000E+00,1.000000E+00,9.999999E-01,9.999995E-01,9.999975E-01,9.999788E-01,9.999071E-01,9.995847E-01,9.985001E-01,9.957533E-01,9.883564E-01,9.729955E-01,9.444029E-01,8.969715E-01,8.318880E-01,7.480123E-01,6.506304E-01,5.561972E-01,4.659415E-01,3.908100E-01,3.274979E-01,2.748487E-01,2.337525E-01,1.994850E-01,1.644165E-01,1.320533E-01,1.015866E-01,7.411014E-02,4.793788E-02,2.943315E-02,1.759340E-02,8.340027E-03,3.618438E-03,1.124367E-03,3.749297E-04,1.249922E-04,0.000000E+00,0.000000E+00,0.000000E+00,0.000000E+00
-122.52954,37.68524,0.00000,1.000000E+00,1.000000E+00,9.999999E-01,9.999995E-01,9.999971E-01,9.999764E-01,9.998980E-01,9.995348E-01,9.984040E-01,9.954733E-01,9.876194E-01,9.717172E-01,9.418657E-01,8.935149E-01,8.287062E-01,7.453207E-01,6.511977E-01,5.549194E-01,4.621228E-01,3.863773E-01,3.237889E-01,2.795469E-01,2.398580E-01,2.018829E-01,1.699339E-01,1.375689E-01,1.071842E-01,7.884319E-02,5.221254E-02,3.596242E-02,2.273752E-02,1.217527E-02,5.733500E-03,3.244724E-03,1.498876E-03,4.998750E-04,1.249922E-04,0.000000E+00,0.000000E+00,0.000000E+00
-122.52943,37.73020,0.00000,1.000000E+00,1.000000E+00,9.999999E-01,9.999994E-01,9.999968E-01,9.999751E-01,9.998956E-01,9.995421E-01,9.983613E-01,9.954180E-01,9.878144E-01,9.721452E-01,9.422424E-01,8.949165E-01,8.293687E-01,7.495510E-01,6.564336E-01,5.635145E-01,4.733663E-01,3.955129E-01,3.321889E-01,2.809864E-01,2.356657E-01,1.995851E-01,1.654603E-01,1.335709E-01,1.034937E-01,7.306793E-02,4.924607E-02,3.003957E-02,1.636462E-02,9.455018E-03,4.738736E-03,2.746222E-03,8.746173E-04,2.499688E-04,0.000000E+00,0.000000E+00,0.000000E+00,0.000000E+00
-122.52934,37.77517,0.00000,1.000000E+00,1.000000E+00,9.999999E-01,9.999993E-01,9.999965E-01,9.999734E-01,9.998888E-01,9.995253E-01,9.983372E-01,9.954323E-01,9.879417E-01,9.727513E-01,9.451759E-01,9.017755E-01,8.402867E-01,7.596418E-01,6.675032E-01,5.729589E-01,4.837298E-01,4.028727E-01,3.340229E-01,2.777435E-01,2.302966E-01,1.908330E-01,1.540119E-01,1.203666E-01,8.709641E-02,6.023459E-02,3.812907E-02,2.554311E-02,1.501119E-02,8.835734E-03,3.369311E-03,6.248047E-04,1.249922E-04,1.249922E-04,1.249922E-04,0.000000E+00,0.000000E+00,0.000000E+00
-122.52923,37.82014,0.00000,1.000000E+00,1.000000E+00,9.999999E-01,9.999992E-01,9.999961E-01,9.999713E-01,9.998809E-01,9.995016E-01,9.983245E-01,9.953962E-01,9.879507E-01,9.731537E-01,9.464626E-01,9.027407E-01,8.410833E-01,7.596418E-01,6.681675E-01,5.729055E-01,4.830194E-01,4.007791E-01,3.281700E-01,2.692983E-01,2.231438E-01,1.804501E-01,1.425136E-01,1.055086E-01,7.376287E-02,4.555475E-02,2.761163E-02,1.636462E-02,8.216063E-03,3.867502E-03,2.621558E-03,1.374055E-03,8.746173E-04,2.499688E-04,0.000000E+00,0.000000E+00,0.000000E+00,0.000000E+00
-122.52913,37.86510,0.00000,1.000000E+00,1.000000E+00,9.999999E-01,9.999989E-01,9.999951E-01,9.999644E-01,9.998615E-01,9.994287E-01,9.980823E-01,9.948202E-01,9.866802E-01,9.712718E-01,9.446180E-01,9.002537E-01,8.368361E-01,7.582558E-01,6.672537E-01,5.740252E-01,4.813365E-01,4.049590E-01,3.282540E-01,2.637975E-01,2.033780E-01,1.532713E-01,1.108595E-01,8.022390E-02,5.540593E-02,3.572138E-02,2.163748E-02,1.093972E-02,5.733500E-03,2.621558E-03,1.498876E-03,4.998750E-04,2.499688E-04,0.000000E+00,0.000000E+00,0.000000E+00,0.000000E+00,0.000000E+00
-122.52902,37.91007,0.00000,1.000000E+00,1.000000E+00,9.999999E-01,9.999989E-01,9.999951E-01,9.999665E-01,9.998680E-01,9.994716E-01,9.982377E-01,9.951359E-01,9.876240E-01,9.729007E-01,9.465228E-01,9.037325E-01,8.447549E-01,7.701895E-01,6.824913E-01,5.888306E-01,4.951531E-01,4.130115E-01,3.368473E-01,2.675608E-01,2.076484E-01,1.527420E-01,1.077420E-01,7.225651E-02,4.769984E-02,2.615196E-02,1.488806E-02,7.099677E-03,2.621558E-03,8.746173E-04,2.499688E-04,0.000000E+00,0.000000E+00,0.000000E+00,0.000000E+00,0.000000E+00,0.000000E+00,0.000000E+00
-122.52892,37.95503,0.00000,1.000000E+00,1.000000E+00,9.999998E-01,9.999987E-01,9.999944E-01,9.999636E-01,9.998585E-01,9.994338E-01,9.981605E-01,9.950901E-01,9.875433E-01,9.728125E-01,9.466497E-01,9.037085E-01,8.451232E-01,7.734127E-01,6.863178E-01,5.949521E-01,5.040351E-01,4.152817E-01,3.365986E-01,2.656357E-01,2.067565E-01,1.525301E-01,1.000130E-01,6.527228E-02,3.981087E-02,2.395833E-02,1.180477E-02,6.230509E-03,2.995505E-03,1.498876E-03,4.998750E-04,0.000000E+00,0.000000E+00,0.000000E+00,0.000000E+00,0.000000E+00,0.000000E+00,0.000000E+00
-122.52881,38.00000,0.00000,1.000000E+00,1.000000E+00,9.999998E-01,9.999987E-01,9.999941E-01,9.999610E-01,9.998524E-01,9.994035E-01,9.981325E-01,9.950821E-01,9.874511E-01,9.727820E-01,9.472597E-01,9.058626E-01,8.512517E-01,7.797793E-01,6.937183E-01,6.060869E-01,5.153121E-01,4.322079E-01,3.539478E-01,2.799971E-01,2.129787E-01,1.543291E-01,1.033817E-01,6.199500E-02,3.584190E-02,2.004635E-02,9.578828E-03,4.240981E-03,1.748470E-03,4.998750E-04,2.499688E-04,0.000000E+00,0.000000E+00,0.000000E+00,0.000000E+00,0.000000E+00,0.000000E+00,0.000000E+00
-122.47475,37.01075,0.00000,1.000000E+00,1.000000E+00,1.000000E+00,9.999999E-01,9.999992E-01,9.999908E-01,9.999483E-01,9.997010E-01,9.986767E-01,9.955456E-01,9.860531E-01,9.654639E-01,9.242733E-01,8.549425E-01,7.648720E-01,6.522860E-01,5.344334E-01,4.192152E-01,3.169075E-01,2.300079E-01,1.605430E-01,1.057322E-01,6.737305E-02,4.077058E-02,2.359225E-02,1.143413E-02,5.484903E-03,2.122744E-03,1.249219E-03,4.998750E-04,1.249922E-04,1.249922E-04,0.000000E+00,0.000000E+00,0.000000E+00,0.000000E+00,0.000000E+00,0.000000E+00,0.000000E+00,0.000000E+00
-122.47462,37.05571,0.00000,1.000000E+00,1.000000E+00,1.000000E+00,9.999999E-01,9.999992E-01,9.999907E-01,9.999484E-01,9.997063E-01,9.987257E-01,9.957956E-01,9.868522E-01,9.666601E-01,9.276417E-01,8.622411E-01,7.733844E-01,6.604045E-01,5.444501E-01,4.262864E-01,3.232816E-01,2.356657E-01,1.656689E-01,1.129687E-01,7.167649E-02,4.256745E-02,2.408033E-02,1.316261E-02,7.596003E-03,3.867502E-03,1.623680E-03,6.248047E-04,3.749297E-04,1.249922E-04,1.249922E-04,1.249922E-04,1.249922E-04,0.000000E+00,0.000000E+00,0.000000E+00,0.000000E+00,0.000000E+00
-122.47449,37.10068,0.00000,1.000000E+00,1.000000E+00,1.000000E+00,9.999999E-01,9.999992E-01,9.999907E-01,9.999472E-01,9.996947E-01,9.987015E-01,9.957289E-01,9.866518E-01,9.666892E-01,9.268414E-01,8.598616E-01,7.722200E-01,6.613371E-01,5.421094E-01,4.299322E-01,3.311865E-01,2.502384E-01,1.823942E-01,1.239876E-01,8.240577E-02,5.304149E-02,3.064560E-02,1.759340E-02,9.826402E-03,5.733500E-03,2.995505E-03,9.995002E-04,0.000000E+00,0.000000E+00,0.000000E+00,0.000000E+00,0.000000E+00,0.000000E+00,0.000000E+00,0.000000E+00,0.000000E+00,0.000000E+00
-122.47435,37.14565,0.00000,1.000000E+00,1.000000E+00,1.000000E+00,9.999999E-01,9.999992E-01,9.999910E-01,9.999490E-01,9.997156E-01,9.987945E-01,9.959756E-01,9.875044E-01,9.684916E-01,9.317617E-01,8.704418E-01,7.855385E-01,6.812984E-01,5.670465E-01,4.524218E-01,3.538671E-01,2.705759E-01,1.993849E-01,1.395072E-01,9.437050E-02,6.328387E-02,3.788857E-02,2.310392E-02,1.328595E-02,6.975557E-03,3.120122E-03,1.374055E-03,3.749297E-04,1.249922E-04,0.000000E+00,0.000000E+00,0.000000E+00,0.000000E+00,0.000000E+00,0.000000E+00,0.000000E+00,0.000000E+00
-122.47422,37.19061,0.00000,1.000000E+00,1.000000E+00,1.000000E+00,9.999999E-01,9.999992E-01,9.999915E-01,9.999526E-01,9.997354E-01,9.988664E-01,9.962274E-01,9.883068E-01,9.706841E-01,9.355264E-01,8.755063E-01,7.927853E-01,6.929516E-01,5.821468E-01,4.730370E-01,3.716293E-01,2.831402E-01,2.122898E-01,1.543291E-01,1.071842E-01,6.737305E-02,4.256745E-02,2.724692E-02,1.550356E-02,7.099677E-03,3.992011E-03,2.247471E-03,1.124367E-03,3.749297E-04,0.000000E+00,0.000000E+00,0.000000E+00,0.000000E+00,0.000000E+00,0.000000E+00,0.000000E+00,0.000000E+00
-122.47408,37.23558,0.00000,1.000000E+00,1.000000E+00,1.000000E+00,9.999999E-01,9.999990E-01,9.999896E-01,9.999449E-01,9.997054E-01,9.987965E-01,9.960508E-01,9.879943E-01,9.702857E-01,9.356472E-01,8.755530E-01,7.955639E-01,6.952078E-01,5.855281E-01,4.847613E-01,3.870672E-01,2.971593E-01,2.255677E-01,1.682722E-01,1.245349E-01,8.355205E-02,5.481537E-02,3.403242E-02,2.102581E-02,1.217527E-02,6.603103E-03,2.746222E-03,1.498876E-03,6.248047E-04,0.000000E+00,0.000000E+00,0.000000E+00,0.000000E+00,0.000000E+00,0.000000E+00,0.000000E+00,0.000000E+00
-122.47395,37.28054,0.00000,1.000000E+00,1.000000E+00,1.000000E+00,9.999999E-01,9.999991E-01,9.999902E-01,9.999481E-01,9.997079E-01,9.988136E-01,9.961440E-01,9.882658E-01,9.711422E-01,9.372204E-01,8.782609E-01,7.985069E-01,7.021008E-01,5.939382E-01,4.889307E-01,3.967207E-01,3.127107E-01,2.425138E-01,1.827008E-01,1.329208E-01,9.550183E-02,6.468789E-02,4.160953E-02,2.529947E-02,1.365590E-02,7.720046E-03,3.369311E-03,1.124367E-03,4.998750E-04,2.499688E-04,1.249922E-04,0.000000E+00,0.000000E+00,0.000000E+00,0.000000E+00,0.000000E+00,0.000000E+00
-122.47382,37.32551,0.00000,1.000000E+00,1.000000E+00,1.000000E+00,9.999999E-01,9.999990E-01,9.999900E-01,9.999480E-01,9.997177E-01,9.988520E-01,9.963206E-01,9.886793E-01,9.721522E-01,9.397724E-01,8.844729E-01,8.092898E-01,7.138531E-01,6.061854E-01,4.995512E-01,4.061479E-01,3.232816E-01,2.538846E-01,2.001851E-01,1.548575E-01,1.082995E-01,7.306793E-02,5.031507E-02,3.040323E-02,1.538049E-02,8.587912E-03,4.863136E-03,2.122744E-03,9.995002E-04,6.248047E-04,0.000000E+00,0.000000E+00,0.000000E+00,0.000000E+00,0.000000E+00,0.000000E+00,0.000000E+00
-122.47368,37.37048,0.00000,1.000000E+00,1.000000E+00,1.000000E+00,9.999998E-01,9.999990E-01,9.999899E-01,9.999489E-01,9.997247E-01,9.988586E-01,9.964222E-01,9.894117E-01,9.737116E-01,9.437177E-01,8.909420E-01,8.179548E-01,7.241436E-01,6.231375E-01,5.224684E-01,4.300747E-01,3.507095E-01,2.781046E-01,2.214912E-01,1.684801E-01,1.257378E-01,9.085438E-02,6.234669E-02,4.148973E-02,2.688207E-02,1.599569E-02,8.959621E-03,5.609209E-03,1.998001E-03,6.248047E-04,1.249922E-04,1.249922E-04,0.000000E+00,0.000000E+00,0.000000E+00,0.000000E+00,0.000000E+00
-122.47354,37.41544,0.00000,1.000000E+00,1.000000E+00,1.000000E+00,9.999998E-01,9.999989E-01,9.999893E-01,9.999464E-01,9.997216E-01,9.988773E-01,9.964965E-01,9.897040E-01,9.749091E-01,9.457214E-01,8.959751E-01,8.239962E-01,7.338646E-01,6.360086E-01,5.337344E-01,4.374358E-01,3.582940E-01,2.899181E-01,2.348053E-01,1.871836E-01,1.464704E-01,1.085224E-01,7.815207E-02,5.375144E-02,3.185654E-02,1.894328E-02,9.950167E-03,3.618438E-03,1.748470E-03,1.124367E-03,4.998750E-04,2.499688E-04,1.249922E-04,0.000000E+00,0.000000E+00,0.000000E+00,0.000000E+00
-122.47340,37.46041,0.00000,1.000000E+00,1.000000E+00,1.000000E+00,9.999998E-01,9.999987E-01,9.999873E-01,9.999382E-01,9.996868E-01,9.988101E-01,9.962989E-01,9.893758E-01,9.740478E-01,9.450936E-01,8.958840E-01,8.277830E-01,7.393951E-01,6.363270E-01,5.376809E-01,4.477476E-01,3.665030E-01,3.028467E-01,2.479858E-01,1.992848E-01,1.601231E-01,1.200366E-01,8.492569E-02,5.882388E-02,3.981087E-02,2.566491E-02,1.377919E-02,6.230509E-03,2.621558E-03,1.374055E-03,7.497188E-04,2.499688E-04,1.249922E-04,0.000000E+00,0.000000E+00,0.000000E+00,0.000000E+00
-122.47327,37.50537,0.00000,1.000000E+00,1.000000E+00,1.000000E+00,9.999998E-01,9.999985E-01,9.999859E-01,9.999325E-01,9.996605E-01,9.987259E-01,9.961082E-01,9.888423E-01,9.735236E-01,9.441452E-01,8.959621E-01,8.287490E-01,7.383179E-01,6.375070E-01,5.425671E-01,4.507766E-01,3.759345E-01,3.128825E-01,2.594595E-01,2.108114E-01,1.705563E-01,1.290102E-01,9.572793E-02,6.993426E-02,4.638953E-02,2.773317E-02,1.587268E-02,9.702623E-03,4.738736E-03,1.748470E-03,6.248047E-04,2.499688E-04,0.000000E+00,0.000000E+00,0.000000E+00,0.000000E+00,0.000000E+00
-122.47313,37.55034,0.00000,1.000000E+00,1.000000E+00,1.000000E+00,9.999998E-01,9.999985E-01,9.999859E-01,9.999340E-01,9.996769E-01,9.987968E-01,9.963169E-01,9.894750E-01,9.751774E-01,9.475358E-01,9.009990E-01,8.359568E-01,7.522908E-01,6.547115E-01,5.605582E-01,4.705942E-01,3.914949E-01,3.258145E-01,2.723063E-01,2.264384E-01,1.867771E-01,1.500902E-01,1.157363E-01,8.721051E-02,5.952950E-02,3.824929E-02,2.175977E-02,1.056875E-02,5.733500E-03,2.621558E-03,8.746173E-04,2.499688E-04,0.000000E+00,0.000000E+00,0.000000E+00,0.000000E+00,0.000000E+00
-122.47300,37.59531,0.00000,1.000000E+00,1.000000E+00,1.000000E+00,9.999998E-01,9.999984E-01,9.999856E-01,9.999332E-01,9.996784E-01,9.987735E-01,9.963676E-01,9.898243E-01,9.757509E-01,9.493086E-01,9.033830E-01,8.387017E-01,7.575598E-01,6.631104E-01,5.637326E-01,4.715198E-01,3.946812E-01,3.268250E-01,2.762071E-01,2.329858E-01,1.984837E-01,1.643120E-01,1.319448E-01,9.978801E-02,7.341547E-02,4.769984E-02,3.028203E-02,1.734776E-02,8.587912E-03,2.746222E-03,8.746173E-04,2.499688E-04,1.249922E-04,0.000000E+00,0.000000E+00,0.000000E+00,0.000000E+00
-122.47286,37.64027,0.00000,1.000000E+00,1.000000E+00,9.999999E-01,9.999996E-01,9.999981E-01,9.999835E-01,9.999250E-01,9.996516E-01,9.987044E-01,9.962099E-01,9.894658E-01,9.749999E-01,9.484975E-01,9.048690E-01,8.416583E-01,7.602419E-01,6.709762E-01,5.791589E-01,4.893776E-01,4.031712E-01,3.351873E-01,2.820641E-01,2.388121E-01,2.036767E-01,1.687918E-01,1.348696E-01,1.049494E-01,7.642198E-02,5.221254E-02,3.234049E-02,1.832993E-02,7.968085E-03,3.742978E-03,2.122744E-03,9.995002E-04,3.749297E-04,1.249922E-04,0.000000E+00,0.000000E+00,0.000000E+00
-122.47272,37.68524,0.00000,1.000000E+00,1.000000E+00,9.999999E-01,9.999996E-01,9.999979E-01,9.999821E-01,9.999192E-01,9.996305E-01,9.986780E-01,9.961565E-01,9.894789E-01,9.758507E-01,9.504055E-01,9.073452E-01,8.477528E-01,7.697294E-01,6.811390E-01,5.818855E-01,4.893776E-01,4.046614E-01,3.395772E-01,2.837672E-01,2.376694E-01,1.967787E-01,1.622202E-01,1.309677E-01,9.911260E-02,7.132830E-02,4.936491E-02,3.076676E-02,1.722492E-02,8.835734E-03,4.365444E-03,1.748470E-03,8.746173E-04,4.998750E-04,1.249922E-04,0.000000E+00,0.000000E+00,0.000000E+00
-122.47258,37.73020,0.00000,1.000000E+00,1.000000E+00,9.999999E-01,9.999995E-01,9.999976E-01,9.999804E-01,9.999143E-01,9.996150E-01,9.986481E-01,9.961252E-01,9.894842E-01,9.755408E-01,9.502440E-01,9.089867E-01,8.518085E-01,7.760875E-01,6.858862E-01,5.910347E-01,4.978593E-01,4.134516E-01,3.367644E-01,2.783752E-01,2.275013E-01,1.834156E-01,1.432636E-01,1.075189E-01,7.746042E-02,5.280472E-02,3.427387E-02,1.894328E-02,1.069243E-02,4.116504E-03,2.122744E-03,9.995002E-04,4.998750E-04,0.000000E+00,0.000000E+00,0.000000E+00,0.000000E+00,0.000000E+00
-122.47244,37.77517,0.00000,1.000000E+00,1.000000E+00,9.999999E-01,9.999995E-01,9.999975E-01,9.999800E-01,9.999136E-01,9.996032E-01,9.986095E-01,9.960181E-01,9.894999E-01,9.760521E-01,9.515029E-01,9.114001E-01,8.535029E-01,7.783709E-01,6.911810E-01,5.967203E-01,5.025449E-01,4.175431E-01,3.418846E-01,2.759356E-01,2.178823E-01,1.665028E-01,1.275937E-01,9.108164E-02,5.823547E-02,3.716671E-02,1.980133E-02,1.019765E-02,5.857776E-03,3.120122E-03,1.623680E-03,6.248047E-04,2.499688E-04,1.249922E-04,0.000000E+00,0.000000E+00,0.000000E+00,0.000000E+00
-122.47231,37.82014,0.00000,1.000000E+00,1.000000E+00,9.999999E-01,9.999994E-01,9.999968E-01,9.999762E-01,9.999009E-01,9.995734E-01,9.985173E-01,9.958140E-01,9.889588E-01,9.754182E-01,9.500134E-01,9.082672E-01,8.510471E-01,7.781769E-01,6.926060E-01,5.983303E-01,5.047165E-01,4.144039E-01,3.321889E-01,2.607543E-01,2.039752E-01,1.535888E-01,1.085224E-01,7.237247E-02,4.984011E-02,2.991831E-02,1.661050E-02,9.826402E-03,4.738736E-03,1.498876E-03,4.998750E-04,0.000000E+00,0.000000E+00,0.000000E+00,0.000000E+00,0.000000E+00,0.000000E+00,0.000000E+00
-122.47217,37.86510,0.00000,1.000000E+00,1.000000E+00,9.999999E-01,9.999993E-01,9.999967E-01,9.999754E-01,9.998963E-01,9.995591E-01,9.985048E-01,9.959549E-01,9.894288E-01,9.763111E-01,9.527121E-01,9.129045E-01,8.591944E-01,7.870079E-01,7.008694E-01,6.085412E-01,5.171866E-01,4.344746E-01,3.509529E-01,2.764785E-01,2.109101E-01,1.557022E-01,1.037178E-01,6.912009E-02,4.136991E-02,2.347019E-02,1.291586E-02,5.857776E-03,2.870871E-03,1.124367E-03,3.749297E-04,3.749297E-04,0.000000E+00,0.000000E+00,0.000000E+00,0.000000E+00,0.000000E+00,0.000000E+00
-122.47203,37.91007,0.00000,1.000000E+00,1.000000E+00,9.999999E-01,9.999992E-01,9.999964E-01,9.999734E-01,9.998905E-01,9.995301E-01,9.984118E-01,9.957278E-01,9.889478E-01,9.756446E-01,9.512597E-01,9.121391E-01,8.578504E-01,7.889689E-01,7.084737E-01,6.164844E-01,5.204945E-01,4.314978E-01,3.449214E-01,2.691156E-01,1.983835E-01,1.464704E-01,9.414407E-02,6.187774E-02,3.728706E-02,1.992384E-02,8.835734E-03,3.992011E-03,1.124367E-03,4.998750E-04,1.249922E-04,0.000000E+00,0.000000E+00,0.000000E+00,0.000000E+00,0.000000E+00,0.000000E+00,0.000000E+00
-122.47189,37.95503,0.00000,1.000000E+00,1.000000E+00,9.999999E-01,9.999991E-01,9.999957E-01,9.999700E-01,9.998821E-01,9.995248E-01,9.984052E-01,9.957209E-01,9.891109E-01,9.758959E-01,9.513206E-01,9.138142E-01,8.607870E-01,7.918248E-01,7.126703E-01,6.267941E-01,5.348405E-01,4.433118E-01,3.528162E-01,2.790064E-01,2.069547E-01,1.447616E-01,9.922520E-02,6.234669E-02,3.560084E-02,1.906590E-02,9.578828E-03,3.493882E-03,1.498876E-03,7.497188E-04,1.249922E-04,0.000000E+00,0.000000E+00,0.000000E+00,0.000000E+00,0.000000E+00,0.000000E+00,0.000000E+00
-122.47175,38.00000,0.00000,1.000000E+00,1.000000E+00,9.999999E-01,9.999990E-01,9.999952E-01,9.999672E-01,9.998732E-01,9.994781E-01,9.982844E-01,9.955278E-01,9.887175E-01,9.754643E-01,9.522726E-01,9.141261E-01,8.621204E-01,7.937673E-01,7.120231E-01,6.260470E-01,5.326258E-01,4.461575E-01,3.646791E-01,2.883186E-01,2.160225E-01,1.548575E-01,1.068493E-01,6.795576E-02,4.232806E-02,2.273752E-02,1.056875E-02,5.111889E-03,1.998001E-03,6.248047E-04,2.499688E-04,1.249922E-04,1.249922E-04,0.000000E+00,0.000000E+00,0.000000E+00,0.000000E+00,0.000000E+00
-122.41844,37.01075,0.00000,1.000000E+00,1.000000E+00,1.000000E+00,9.999999E-01,9.999996E-01,9.999943E-01,9.999651E-01,9.997930E-01,9.990710E-01,9.967533E-01,9.894209E-01,9.722980E-01,9.366528E-01,8.765137E-01,7.921108E-01,6.854934E-01,5.716223E-01,4.556974E-01,3.520877E-01,2.599222E-01,1.883004E-01,1.303157E-01,8.538311E-02,5.280472E-02,3.318682E-02,1.673342E-02,8.711830E-03,4.614321E-03,2.247471E-03,7.497188E-04,2.499688E-04,1.249922E-04,1.249922E-04,1.249922E-04,0.000000E+00,0.000000E+00,0.000000E+00,0.000000E+00,0.000000E+00,0.000000E+00
-122.41827,37.05571,0.00000,1.000000E+00,1.000000E+00,1.000000E+00,9.999999E-01,9.999995E-01,9.999941E-01,9.999648E-01,9.997830E-01,9.990299E-01,9.966280E-01,9.890153E-01,9.716073E-01,9.360162E-01,8.756929E-01,7.899690E-01,6.872966E-01,5.740252E-01,4.656077E-01,3.538671E-01,2.663697E-01,1.961761E-01,1.332459E-01,8.732460E-02,5.576009E-02,3.523912E-02,2.053620E-02,1.205179E-02,6.354723E-03,3.120122E-03,9.995002E-04,2.499688E-04,1.249922E-04,0.000000E+00,0.000000E+00,0.000000E+00,0.000000E+00,0.000000E+00,0.000000E+00,0.000000E+00,0.000000E+00
-122.41811,37.10068,0.00000,1.000000E+00,1.000000E+00,1.000000E+00,9.999999E-01,9.999996E-01,9.999943E-01,9.999667E-01,9.998006E-01,9.990931E-01,9.968283E-01,9.900245E-01,9.738100E-01,9.403866E-01,8.837486E-01,8.021260E-01,6.993324E-01,5.840229E-01,4.752719E-01,3.732766E-01,2.795469E-01,2.085393E-01,1.484951E-01,1.023724E-01,6.818874E-02,4.364395E-02,2.554311E-02,1.328595E-02,6.603103E-03,3.369311E-03,1.249219E-03,6.248047E-04,1.249922E-04,0.000000E+00,0.000000E+00,0.000000E+00,0.000000E+00,0.000000E+00,0.000000E+00,0.000000E+00,0.000000E+00
-122.41794,37.14565,0.00000,1.000000E+00,1.000000E+00,1.000000E+00,9.999999E-01,9.999995E-01,9.999944E-01,9.999671E-01,9.998022E-01,9.991279E-01,9.969785E-01,9.902343E-01,9.744342E-01,9.415524E-01,8.859793E-01,8.093136E-01,7.055438E-01,5.991328E-01,4.910981E-01,3.850719E-01,2.997025E-01,2.260515E-01,1.668154E-01,1.178340E-01,8.091347E-02,5.233100E-02,3.161447E-02,1.992384E-02,1.044507E-02,5.111889E-03,2.621558E-03,1.249219E-03,3.749297E-04,2.499688E-04,1.249922E-04,0.000000E+00,0.000000E+00,0.000000E+00,0.000000E+00,0.000000E+00,0.000000E+00
-122.41777,37.19061,0.00000,1.000000E+00,1.000000E+00,1.000000E+00,9.999999E-01,9.999995E-01,9.999939E-01,9.999650E-01,9.997945E-01,9.990897E-01,9.969217E-01,9.902306E-01,9.746284E-01,9.433861E-01,8.901621E-01,8.142076E-01,7.154226E-01,6.053476E-01,4.990505E-01,3.992792E-01,3.060636E-01,2.349966E-01,1.769596E-01,1.270483E-01,9.119525E-02,6.011711E-02,3.848970E-02,2.383632E-02,1.316261E-02,7.223782E-03,3.992011E-03,1.748470E-03,1.124367E-03,6.248047E-04,3.749297E-04,1.249922E-04,0.000000E+00,0.000000E+00,0.000000E+00,0.000000E+00,0.000000E+00
-122.41760,37.23558,0.00000,1.000000E+00,1.000000E+00,1.000000E+00,9.999999E-01,9.999995E-01,9.999943E-01,9.999684E-01,9.998186E-01,9.991930E-01,9.972523E-01,9.912131E-01,9.772343E-01,9.479929E-01,8.973444E-01,8.252021E-01,7.329649E-01,6.319366E-01,5.297543E-01,4.242749E-01,3.363498E-01,2.613086E-01,1.948688E-01,1.466837E-01,1.098586E-01,7.780631E-02,5.315986E-02,3.548028E-02,2.359225E-02,1.427217E-02,8.463977E-03,3.618438E-03,1.623680E-03,7.497188E-04,3.749297E-04,1.249922E-04,1.249922E-04,0.000000E+00,0.000000E+00,0.000000E+00,0.000000E+00
-122.41743,37.28054,0.00000,1.000000E+00,1.000000E+00,1.000000E+00,9.999999E-01,9.999994E-01,9.999930E-01,9.999611E-01,9.997782E-01,9.990704E-01,9.969016E-01,9.903664E-01,9.754766E-01,9.463420E-01,8.947982E-01,8.229371E-01,7.269226E-01,6.220525E-01,5.257995E-01,4.290051E-01,3.451670E-01,2.716692E-01,2.131755E-01,1.641031E-01,1.222338E-01,8.869259E-02,6.176047E-02,4.148973E-02,2.590846E-02,1.538049E-02,8.835734E-03,4.240981E-03,1.873243E-03,3.749297E-04,1.249922E-04,1.249922E-04,0.000000E+00,0.000000E+00,0.000000E+00,0.000000E+00,0.000000E+00
-122.41727,37.32551,0.00000,1.000000E+00,1.000000E+00,1.000000E+00,9.999999E-01,9.999993E-01,9.999927E-01,9.999600E-01,9.997815E-01,9.991035E-01,9.970579E-01,9.908922E-01,9.766638E-01,9.486197E-01,8.987462E-01,8.274814E-01,7.367431E-01,6.321666E-01,5.324505E-01,4.357456E-01,3.545935E-01,2.817051E-01,2.250835E-01,1.767538E-01,1.338958E-01,9.922520E-02,7.364709E-02,5.090844E-02,3.379089E-02,2.224876E-02,1.266906E-02,7.471945E-03,4.614321E-03,2.122744E-03,6.248047E-04,1.249922E-04,0.000000E+00,0.000000E+00,0.000000E+00,0.000000E+00,0.000000E+00
-122.41710,37.37048,0.00000,1.000000E+00,1.000000E+00,1.000000E+00,9.999999E-01,9.999993E-01,9.999929E-01,9.999629E-01,9.997981E-01,9.991597E-01,9.972323E-01,9.915302E-01,9.781187E-01,9.504922E-01,9.019350E-01,8.353816E-01,7.507378E-01,6.500185E-01,5.486445E-01,4.567170E-01,3.778817E-01,3.100423E-01,2.510814E-01,1.995851E-01,1.551743E-01,1.197066E-01,8.504006E-02,5.788224E-02,3.740739E-02,2.261535E-02,1.402571E-02,8.092081E-03,4.738736E-03,2.372182E-03,8.746173E-04,4.998750E-04,1.249922E-04,0.000000E+00,0.000000E+00,0.000000E+00,0.000000E+00
-122.41693,37.41544,0.00000,1.000000E+00,1.000000E+00,1.000000E+00,9.999999E-01,9.999993E-01,9.999921E-01,9.999594E-01,9.997770E-01,9.990649E-01,9.970015E-01,9.909794E-01,9.773025E-01,9.503248E-01,9.029472E-01,8.371010E-01,7.514534E-01,6.567770E-01,5.592930E-01,4.727735E-01,3.906576E-01,3.247181E-01,2.661862E-01,2.196401E-01,1.772682E-01,1.336792E-01,9.787302E-02,6.492169E-02,4.232806E-02,2.408033E-02,1.340928E-02,6.975557E-03,2.995505E-03,8.746173E-04,3.749297E-04,3.749297E-04,1.249922E-04,1.249922E-04,1.249922E-04,0.000000E+00,0.000000E+00
-122.41676,37.46041,0.00000,1.000000E+00,1.000000E+00,1.000000E+00,9.999999E-01,9.999992E-01,9.999917E-01,9.999570E-01,9.997721E-01,9.991103E-01,9.971975E-01,9.913839E-01,9.786803E-01,9.534452E-01,9.089412E-01,8.449295E-01,7.615868E-01,6.626047E-01,5.677495E-01,4.781500E-01,4.007791E-01,3.316044E-01,2.806268E-01,2.300079E-01,1.854545E-01,1.464704E-01,1.089681E-01,7.653742E-02,5.233100E-02,3.270330E-02,2.078103E-02,1.291586E-02,7.223782E-03,2.746222E-03,8.746173E-04,4.998750E-04,0.000000E+00,0.000000E+00,0.000000E+00,0.000000E+00,0.000000E+00
-122.41659,37.50537,0.00000,1.000000E+00,1.000000E+00,1.000000E+00,9.999998E-01,9.999990E-01,9.999899E-01,9.999490E-01,9.997355E-01,9.989715E-01,9.968168E-01,9.906008E-01,9.769940E-01,9.509603E-01,9.065893E-01,8.437034E-01,7.579231E-01,6.632367E-01,5.678576E-01,4.764512E-01,4.001796E-01,3.306847E-01,2.782850E-01,2.350922E-01,1.936602E-01,1.562297E-01,1.200366E-01,8.698229E-02,6.222947E-02,3.885020E-02,2.285967E-02,1.303924E-02,6.603103E-03,2.746222E-03,1.374055E-03,2.499688E-04,0.000000E+00,0.000000E+00,0.000000E+00,0.000000E+00,0.000000E+00
-122.41642,37.55034,0.00000,1.000000E+00,1.000000E+00,1.000000E+00,9.999998E-01,9.999990E-01,9.999899E-01,9.999501E-01,9.997494E-01,9.990274E-01,9.969932E-01,9.911581E-01,9.782143E-01,9.522129E-01,9.100274E-01,8.495125E-01,7.695566E-01,6.784573E-01,5.813102E-01,4.882275E-01,4.047358E-01,3.353535E-01,2.842147E-01,2.396679E-01,1.979826E-01,1.633714E-01,1.311850E-01,9.922520E-02,6.853811E-02,4.793788E-02,2.967576E-02,1.759340E-02,1.007392E-02,5.236243E-03,2.372182E-03,9.995002E-04,4.998750E-04,1.249922E-04,0.000000E+00,0.000000E+00,0.000000E+00
-122.41624,37.59531,0.00000,1.000000E+00,1.000000E+00,1.000000E+00,9.999998E-01,9.999988E-01,9.999889E-01,9.999474E-01,9.997370E-01,9.989820E-01,9.969109E-01,9.911547E-01,9.788660E-01,9.543557E-01,9.139004E-01,8.549606E-01,7.756673E-01,6.846667E-01,5.919539E-01,4.979221E-01,4.145503E-01,3.466387E-01,2.903618E-01,2.449717E-01,2.062605E-01,1.676481E-01,1.335709E-01,1.008002E-01,7.272027E-02,5.304149E-02,3.487727E-02,2.114817E-02,1.019765E-02,4.987521E-03,2.122744E-03,8.746173E-04,3.749297E-04,1.249922E-04,0.000000E+00,0.000000E+00,0.000000E+00
-122.41608,37.64027,0.00000,1.000000E+00,1.000000E+00,1.000000E+00,9.999998E-01,9.999986E-01,9.999871E-01,9.999393E-01,9.997051E-01,9.988950E-01,9.966869E-01,9.907175E-01,9.781870E-01,9.537237E-01,9.135445E-01,8.555757E-01,7.792556E-01,6.912968E-01,5.995334E-01,5.070019E-01,4.239870E-01,3.486772E-01,2.872503E-01,2.365251E-01,1.952712E-01,1.582313E-01,1.230015E-01,9.244400E-02,6.877095E-02,4.495804E-02,2.603022E-02,1.550356E-02,7.471945E-03,3.120122E-03,1.998001E-03,4.998750E-04,2.499688E-04,0.000000E+00,0.000000E+00,0.000000E+00,0.000000E+00
-122.41590,37.68524,0.00000,1.000000E+00,1.000000E+00,1.000000E+00,9.999998E-01,9.999985E-01,9.999871E-01,9.999395E-01,9.997115E-01,9.989283E-01,9.968724E-01,9.911426E-01,9.788898E-01,9.556437E-01,9.163195E-01,8.614813E-01,7.877255E-01,6.994827E-01,6.082965E-01,5.189336E-01,4.320660E-01,3.535439E-01,2.867156E-01,2.277910E-01,1.774738E-01,1.354101E-01,9.877470E-02,6.993426E-02,4.615109E-02,2.967576E-02,1.734776E-02,9.207350E-03,3.867502E-03,1.498876E-03,3.749297E-04,1.249922E-04,1.249922E-04,1.249922E-04,0.000000E+00,0.000000E+00,0.000000E+00
-122.41573,37.73020,0.00000,1.000000E+00,1.000000E+00,1.000000E+00,9.999997E-01,9.999983E-01,9.999856E-01,9.999347E-01,9.996883E-01,9.988846E-01,9.967387E-01,9.910748E-01,9.790266E-01,9.563859E-01,9.194700E-01,8.658270E-01,7.947702E-01,7.097463E-01,6.199206E-01,5.260957E-01,4.341210E-01,3.538671E-01,2.825127E-01,2.195425E-01,1.641031E-01,1.166202E-01,7.907345E-02,5.126428E-02,3.149342E-02,1.747059E-02,8.216063E-03,3.618438E-03,1.249219E-03,3.749297E-04,0.000000E+00,0.000000E+00,0.000000E+00,0.000000E+00,0.000000E+00,0.000000E+00,0.000000E+00
-122.41556,37.77517,0.00000,1.000000E+00,1.000000E+00,9.999999E-01,9.999996E-01,9.999979E-01,9.999828E-01,9.999233E-01,9.996555E-01,9.987497E-01,9.964970E-01,9.902842E-01,9.774777E-01,9.539545E-01,9.158265E-01,8.622239E-01,7.914862E-01,7.076709E-01,6.147547E-01,5.219907E-01,4.343332E-01,3.490028E-01,2.746674E-01,2.078464E-01,1.514701E-01,1.013620E-01,6.725647E-02,4.077058E-02,2.347019E-02,1.340928E-02,4.614321E-03,2.247471E-03,8.746173E-04,6.248047E-04,3.749297E-04,3.749297E-04,2.499688E-04,1.249922E-04,1.249922E-04,0.000000E+00,0.000000E+00
-122.41538,37.82014,0.00000,1.000000E+00,1.000000E+00,9.999999E-01,9.999996E-01,9.999977E-01,9.999819E-01,9.999213E-01,9.996487E-01,9.987603E-01,9.965153E-01,9.906733E-01,9.786430E-01,9.567713E-01,9.199517E-01,8.703770E-01,8.040214E-01,7.243160E-01,6.348693E-01,5.359440E-01,4.413600E-01,3.589354E-01,2.760262E-01,2.045720E-01,1.450822E-01,9.933779E-02,6.340095E-02,3.704635E-02,1.783897E-02,8.587912E-03,3.992011E-03,1.748470E-03,3.749297E-04,1.249922E-04,1.249922E-04,0.000000E+00,0.000000E+00,0.000000E+00,0.000000E+00,0.000000E+00,0.000000E+00
-122.41521,37.86510,0.00000,1.000000E+00,1.000000E+00,9.999999E-01,9.999994E-01,9.999971E-01,9.999772E-01,9.999045E-01,9.995820E-01,9.985706E-01,9.960006E-01,9.895693E-01,9.764469E-01,9.534044E-01,9.154469E-01,8.619653E-01,7.928630E-01,7.119151E-01,6.218162E-01,5.262142E-01,4.342625E-01,3.494909E-01,2.716692E-01,2.000851E-01,1.401523E-01,9.074073E-02,5.398798E-02,3.125126E-02,1.685631E-02,7.968085E-03,3.244724E-03,1.498876E-03,6.248047E-04,2.499688E-04,0.000000E+00,0.000000E+00,0.000000E+00,0.000000E+00,0.000000E+00,0.000000E+00,0.000000E+00
-122.41504,37.91007,0.00000,1.000000E+00,1.000000E+00,9.999999E-01,9.999995E-01,9.999972E-01,9.999788E-01,9.999114E-01,9.996145E-01,9.986848E-01,9.963178E-01,9.903423E-01,9.782605E-01,9.555160E-01,9.199317E-01,8.712490E-01,8.068909E-01,7.283185E-01,6.405302E-01,5.476844E-01,4.573279E-01,3.702139E-01,2.925760E-01,2.192498E-01,1.535888E-01,9.990053E-02,6.176047E-02,3.572138E-02,1.980133E-02,1.032137E-02,5.360581E-03,2.496878E-03,6.248047E-04,0.000000E+00,0.000000E+00,0.000000E+00,0.000000E+00,0.000000E+00,0.000000E+00,0.000000E+00,0.000000E+00
-122.41486,37.95503,0.00000,1.000000E+00,1.000000E+00,9.999999E-01,9.999993E-01,9.999964E-01,9.999746E-01,9.998971E-01,9.995623E-01,9.985772E-01,9.960607E-01,9.897707E-01,9.772030E-01,9.551306E-01,9.195002E-01,8.703446E-01,8.037763E-01,7.246604E-01,6.387283E-01,5.484188E-01,4.617865E-01,3.778039E-01,2.960162E-01,2.252772E-01,1.668154E-01,1.160679E-01,7.457297E-02,4.352440E-02,2.590846E-02,1.439538E-02,6.727270E-03,3.120122E-03,1.623680E-03,3.749297E-04,1.249922E-04,1.249922E-04,0.000000E+00,0.000000E+00,0.000000E+00,0.000000E+00,0.000000E+00
-122.41469,38.00000,0.00000,1.000000E+00,1.000000E+00,9.999999E-01,9.999992E-01,9.999961E-01,9.999728E-01,9.998927E-01,9.995548E-01,9.985300E-01,9.960434E-01,9.898332E-01,9.773167E-01,9.554381E-01,9.192482E-01,8.697110E-01,8.073730E-01,7.322964E-01,6.456606E-01,5.540841E-01,4.649393E-01,3.792799E-01,3.001400E-01,2.283699E-01,1.675441E-01,1.189360E-01,8.091347E-02,5.256789E-02,3.209855E-02,1.673342E-02,9.578828E-03,4.489890E-03,2.372182E-03,1.249219E-03,1.249922E-04,1.249922E-04,0.000000E+00,0.000000E+00,0.000000E+00,0.000000E+00,0.000000E+00
-122.36213,37.01075,0.00000,1.000000E+00,1.000000E+00,1.000000E+00,1.000000E+00,9.999999E-01,9.999976E-01,9.999834E-01,9.998791E-01,9.993859E-01,9.976639E-01,9.918246E-01,9.771659E-01,9.464291E-01,8.933817E-01,8.139984E-01,7.095286E-01,6.006832E-01,4.898880E-01,3.847644E-01,2.916026E-01,2.178823E-01,1.545405E-01,1.060675E-01,7.121222E-02,4.543544E-02,2.846210E-02,1.673342E-02,8.711830E-03,3.742978E-03,1.623680E-03,4.998750E-04,3.749297E-04,0.000000E+00,0.000000E+00,0.000000E+00,0.000000E+00,0.000000E+00,0.000000E+00,0.000000E+00,0.000000E+00
-122.36193,37.05571,0.00000,1.000000E+00,1.000000E+00,1.000000E+00,1.000000E+00,9.999998E-01,9.999974E-01,9.999821E-01,9.998735E-01,9.993558E-01,9.976095E-01,9.918450E-01,9.773648E-01,9.473914E-01,8.951789E-01,8.173621E-01,7.169481E-01,6.055449E-01,4.958467E-01,3.885212E-01,2.960162E-01,2.201276E-01,1.597031E-01,1.127469E-01,7.653742E-02,5.209406E-02,3.439458E-02,1.943368E-02,1.069243E-02,5.609209E-03,2.122744E-03,1.249219E-03,7.497188E-04,3.749297E-04,1.249922E-04,0.000000E+00,0.000000E+00,0.000000E+00,0.000000E+00,0.000000E+00,0.000000E+00
-122.36173,37.10068,0.00000,1.000000E+00,1.000000E+00,1.000000E+00,9.999999E-01,9.999998E-01,9.999964E-01,9.999778E-01,9.998593E-01,9.993395E-01,9.976017E-01,9.920791E-01,9.787335E-01,9.504675E-01,8.990747E-01,8.245673E-01,7.280807E-01,6.199681E-01,5.142203E-01,4.077788E-01,3.209089E-01,2.421350E-01,1.788094E-01,1.300982E-01,9.119525E-02,6.293254E-02,3.873005E-02,2.395833E-02,1.464175E-02,7.968085E-03,3.867502E-03,1.498876E-03,7.497188E-04,2.499688E-04,1.249922E-04,1.249922E-04,0.000000E+00,0.000000E+00,0.000000E+00,0.000000E+00,0.000000E+00
-122.36153,37.14565,0.00000,1.000000E+00,1.000000E+00,1.000000E+00,9.999999E-01,9.999998E-01,9.999965E-01,9.999783E-01,9.998620E-01,9.993528E-01,9.977192E-01,9.923084E-01,9.792638E-01,9.520394E-01,9.032621E-01,8.293900E-01,7.377613E-01,6.345040E-01,5.263327E-01,4.218229E-01,3.312701E-01,2.538846E-01,1.938617E-01,1.441199E-01,1.038299E-01,7.272027E-02,4.972133E-02,3.113016E-02,1.882064E-02,1.205179E-02,6.603103E-03,3.493882E-03,1.873243E-03,1.374055E-03,1.249922E-04,1.249922E-04,0.000000E+00,0.000000E+00,0.000000E+00,0.000000E+00,0.000000E+00
-122.36133,37.19061,0.00000,1.000000E+00,1.000000E+00,1.000000E+00,9.999999E-01,9.999997E-01,9.999959E-01,9.999756E-01,9.998521E-01,9.993196E-01,9.976407E-01,9.922968E-01,9.795751E-01,9.531884E-01,9.046904E-01,8.346391E-01,7.428897E-01,6.399906E-01,5.375075E-01,4.375061E-01,3.472917E-01,2.725791E-01,2.092315E-01,1.606479E-01,1.189360E-01,8.572602E-02,5.929435E-02,3.945073E-02,2.554311E-02,1.599569E-02,7.968085E-03,3.867502E-03,2.122744E-03,1.249219E-03,4.998750E-04,3.749297E-04,0.000000E+00,0.000000E+00,0.000000E+00,0.000000E+00,0.000000E+00
-122.36112,37.23558,0.00000,1.000000E+00,1.000000E+00,1.000000E+00,9.999999E-01,9.999997E-01,9.999961E-01,9.999768E-01,9.998572E-01,9.993645E-01,9.977772E-01,9.928042E-01,9.807212E-01,9.548550E-01,9.075997E-01,8.394059E-01,7.516398E-01,6.509360E-01,5.480800E-01,4.487132E-01,3.586949E-01,2.841252E-01,2.243082E-01,1.776794E-01,1.335709E-01,1.011373E-01,6.981799E-02,4.603186E-02,2.821919E-02,1.624166E-02,9.207350E-03,5.111889E-03,2.746222E-03,1.748470E-03,7.497188E-04,3.749297E-04,2.499688E-04,2.499688E-04,1.249922E-04,0.000000E+00,0.000000E+00
-122.36092,37.28054,0.00000,1.000000E+00,1.000000E+00,1.000000E+00,9.999999E-01,9.999996E-01,9.999954E-01,9.999734E-01,9.998430E-01,9.993147E-01,9.976351E-01,9.923247E-01,9.799770E-01,9.540522E-01,9.072873E-01,8.424087E-01,7.532797E-01,6.548409E-01,5.550307E-01,4.595618E-01,3.757005E-01,3.027596E-01,2.409973E-01,1.865737E-01,1.412264E-01,1.072958E-01,7.596008E-02,4.829484E-02,3.064560E-02,1.845263E-02,1.217527E-02,6.727270E-03,2.995505E-03,1.124367E-03,4.998750E-04,2.499688E-04,1.249922E-04,0.000000E+00,0.000000E+00,0.000000E+00,0.000000E+00
-122.36072,37.32551,0.00000,1.000000E+00,1.000000E+00,1.000000E+00,9.999999E-01,9.999996E-01,9.999953E-01,9.999731E-01,9.998462E-01,9.993193E-01,9.976492E-01,9.925748E-01,9.804934E-01,9.558870E-01,9.110672E-01,8.470280E-01,7.629241E-01,6.658365E-01,5.685053E-01,4.733663E-01,3.859936E-01,3.140839E-01,2.555615E-01,2.053671E-01,1.597031E-01,1.220143E-01,9.074073E-02,6.129123E-02,3.812907E-02,2.285967E-02,1.205179E-02,6.727270E-03,3.120122E-03,1.124367E-03,7.497188E-04,1.249922E-04,0.000000E+00,0.000000E+00,0.000000E+00,0.000000E+00,0.000000E+00
-122.36052,37.37048,0.00000,1.000000E+00,1.000000E+00,1.000000E+00,9.999999E-01,9.999995E-01,9.999948E-01,9.999710E-01,9.998342E-01,9.992905E-01,9.976077E-01,9.924304E-01,9.805518E-01,9.558042E-01,9.121611E-01,8.491735E-01,7.668038E-01,6.703174E-01,5.722644E-01,4.795831E-01,3.967207E-01,3.302662E-01,2.731245E-01,2.217831E-01,1.743836E-01,1.336792E-01,9.617995E-02,6.877095E-02,4.280677E-02,2.505576E-02,1.279247E-02,6.603103E-03,2.746222E-03,9.995002E-04,8.746173E-04,3.749297E-04,2.499688E-04,1.249922E-04,0.000000E+00,0.000000E+00,0.000000E+00
-122.36031,37.41544,0.00000,1.000000E+00,1.000000E+00,1.000000E+00,9.999999E-01,9.999995E-01,9.999940E-01,9.999670E-01,9.998146E-01,9.992226E-01,9.975250E-01,9.923295E-01,9.801911E-01,9.558980E-01,9.127737E-01,8.497756E-01,7.693260E-01,6.727808E-01,5.790011E-01,4.898880E-01,4.090359E-01,3.412262E-01,2.824230E-01,2.365251E-01,1.921469E-01,1.475366E-01,1.100812E-01,7.642198E-02,4.972133E-02,2.931182E-02,1.488806E-02,7.099677E-03,3.244724E-03,1.249219E-03,3.749297E-04,1.249922E-04,1.249922E-04,0.000000E+00,0.000000E+00,0.000000E+00,0.000000E+00
-122.36011,37.46041,0.00000,1.000000E+00,1.000000E+00,1.000000E+00,9.999999E-01,9.999994E-01,9.999937E-01,9.999662E-01,9.998163E-01,9.992434E-01,9.975776E-01,9.925609E-01,9.814540E-01,9.585596E-01,9.187419E-01,8.592648E-01,7.777883E-01,6.862002E-01,5.904208E-01,4.997388E-01,4.202307E-01,3.493282E-01,2.941658E-01,2.452547E-01,2.051684E-01,1.685840E-01,1.310763E-01,9.584095E-02,6.527228E-02,4.364395E-02,2.846210E-02,1.451857E-02,6.975557E-03,2.746222E-03,1.124367E-03,4.998750E-04,1.249922E-04,1.249922E-04,0.000000E+00,0.000000E+00,0.000000E+00
-122.35990,37.50537,0.00000,1.000000E+00,1.000000E+00,1.000000E+00,9.999999E-01,9.999993E-01,9.999928E-01,9.999630E-01,9.998045E-01,9.992142E-01,9.975073E-01,9.924814E-01,9.813564E-01,9.589207E-01,9.189954E-01,8.612733E-01,7.892326E-01,7.021753E-01,6.098601E-01,5.147665E-01,4.260712E-01,3.536247E-01,2.966320E-01,2.475156E-01,2.099231E-01,1.742804E-01,1.377845E-01,1.033817E-01,7.572903E-02,5.090844E-02,3.354931E-02,2.261535E-02,1.131055E-02,5.982036E-03,2.247471E-03,1.249219E-03,3.749297E-04,1.249922E-04,1.249922E-04,1.249922E-04,0.000000E+00
-122.35970,37.55034,0.00000,1.000000E+00,1.000000E+00,1.000000E+00,9.999999E-01,9.999992E-01,9.999918E-01,9.999576E-01,9.997801E-01,9.991379E-01,9.972557E-01,9.919039E-01,9.803318E-01,9.578122E-01,9.188637E-01,8.627224E-01,7.918507E-01,7.039939E-01,6.121940E-01,5.168847E-01,4.288623E-01,3.570093E-01,2.973350E-01,2.426085E-01,1.981831E-01,1.634759E-01,1.273756E-01,9.629292E-02,6.842167E-02,4.627032E-02,2.809771E-02,1.697920E-02,9.578828E-03,3.742978E-03,9.995002E-04,7.497188E-04,2.499688E-04,1.249922E-04,0.000000E+00,0.000000E+00,0.000000E+00
-122.35950,37.59531,0.00000,1.000000E+00,1.000000E+00,1.000000E+00,9.999999E-01,9.999991E-01,9.999914E-01,9.999568E-01,9.997798E-01,9.991524E-01,9.973912E-01,9.924030E-01,9.814516E-01,9.598547E-01,9.229558E-01,8.694991E-01,7.985069E-01,7.159557E-01,6.225246E-01,5.286951E-01,4.398916E-01,3.610154E-01,2.964561E-01,2.423244E-01,1.910353E-01,1.481757E-01,1.103036E-01,8.252046E-02,5.693965E-02,3.572138E-02,2.114817E-02,1.180477E-02,5.733500E-03,2.621558E-03,9.995002E-04,4.998750E-04,4.998750E-04,0.000000E+00,0.000000E+00,0.000000E+00,0.000000E+00
-122.35929,37.64027,0.00000,1.000000E+00,1.000000E+00,1.000000E+00,9.999999E-01,9.999991E-01,9.999915E-01,9.999569E-01,9.997851E-01,9.991489E-01,9.974223E-01,9.924096E-01,9.813750E-01,9.605215E-01,9.239223E-01,8.742394E-01,8.053398E-01,7.253135E-01,6.365087E-01,5.413074E-01,4.529691E-01,3.675316E-01,2.928412E-01,2.284664E-01,1.772682E-01,1.291191E-01,9.471005E-02,6.363507E-02,4.125007E-02,2.542130E-02,1.464175E-02,7.223782E-03,3.120122E-03,1.374055E-03,4.998750E-04,1.249922E-04,0.000000E+00,0.000000E+00,0.000000E+00,0.000000E+00,0.000000E+00
-122.35909,37.68524,0.00000,1.000000E+00,1.000000E+00,1.000000E+00,9.999998E-01,9.999989E-01,9.999889E-01,9.999482E-01,9.997472E-01,9.990472E-01,9.971327E-01,9.919473E-01,9.805250E-01,9.581798E-01,9.219671E-01,8.714902E-01,8.018290E-01,7.208483E-01,6.290267E-01,5.365237E-01,4.440072E-01,3.558831E-01,2.806268E-01,2.148457E-01,1.565461E-01,1.111929E-01,7.676826E-02,4.793788E-02,2.785470E-02,1.513431E-02,8.092081E-03,3.867502E-03,1.623680E-03,8.746173E-04,3.749297E-04,3.749297E-04,1.249922E-04,1.249922E-04,0.000000E+00,0.000000E+00,0.000000E+00
-122.35887,37.73020,0.00000,1.000000E+00,1.000000E+00,1.000000E+00,9.999998E-01,9.999987E-01,9.999884E-01,9.999455E-01,9.997396E-01,9.990117E-01,9.970663E-01,9.918082E-01,9.805639E-01,9.594056E-01,9.239698E-01,8.728325E-01,8.053885E-01,7.253479E-01,6.373710E-01,5.433098E-01,4.519425E-01,3.666613E-01,2.859127E-01,2.156304E-01,1.543291E-01,1.056204E-01,6.538911E-02,4.125007E-02,2.224876E-02,1.254564E-02,6.603103E-03,3.618438E-03,1.623680E-03,4.998750E-04,2.499688E-04,0.000000E+00,0.000000E+00,0.000000E+00,0.000000E+00,0.000000E+00,0.000000E+00
-122.35867,37.77517,0.00000,1.000000E+00,1.000000E+00,1.000000E+00,9.999998E-01,9.999985E-01,9.999869E-01,9.999394E-01,9.997137E-01,9.989536E-01,9.969171E-01,9.915217E-01,9.801217E-01,9.591358E-01,9.252701E-01,8.755841E-01,8.075656E-01,7.289292E-01,6.387734E-01,5.446778E-01,4.584121E-01,3.684006E-01,2.839462E-01,2.117973E-01,1.486015E-01,9.809853E-02,5.799999E-02,3.246144E-02,1.759340E-02,7.844074E-03,4.116504E-03,2.122744E-03,6.248047E-04,3.749297E-04,0.000000E+00,0.000000E+00,0.000000E+00,0.000000E+00,0.000000E+00,0.000000E+00,0.000000E+00
-122.35846,37.82014,0.00000,1.000000E+00,1.000000E+00,9.999999E-01,9.999996E-01,9.999981E-01,9.999841E-01,9.999296E-01,9.996767E-01,9.988326E-01,9.966749E-01,9.909183E-01,9.793285E-01,9.580804E-01,9.226759E-01,8.734509E-01,8.069150E-01,7.285562E-01,6.406649E-01,5.506149E-01,4.559015E-01,3.661069E-01,2.800871E-01,2.045720E-01,1.431565E-01,9.153599E-02,5.481537E-02,3.173551E-02,1.624166E-02,7.347872E-03,3.742978E-03,1.873243E-03,8.746173E-04,3.749297E-04,0.000000E+00,0.000000E+00,0.000000E+00,0.000000E+00,0.000000E+00,0.000000E+00,0.000000E+00
-122.35825,37.86510,0.00000,1.000000E+00,1.000000E+00,9.999999E-01,9.999996E-01,9.999979E-01,9.999827E-01,9.999258E-01,9.996712E-01,9.988438E-01,9.966848E-01,9.911348E-01,9.800594E-01,9.585907E-01,9.244719E-01,8.769144E-01,8.135328E-01,7.356550E-01,6.494493E-01,5.558642E-01,4.619211E-01,3.723358E-01,2.910711E-01,2.148457E-01,1.513641E-01,9.843668E-02,5.952950E-02,3.487727E-02,1.759340E-02,8.835734E-03,3.992011E-03,9.995002E-04,2.499688E-04,1.249922E-04,0.000000E+00,0.000000E+00,0.000000E+00,0.000000E+00,0.000000E+00,0.000000E+00,0.000000E+00
-122.35804,37.91007,0.00000,1.000000E+00,1.000000E+00,9.999999E-01,9.999995E-01,9.999975E-01,9.999804E-01,9.999170E-01,9.996396E-01,9.987400E-01,9.964360E-01,9.906301E-01,9.788237E-01,9.576590E-01,9.227049E-01,8.761117E-01,8.133229E-01,7.364798E-01,6.525901E-01,5.626406E-01,4.696006E-01,3.822985E-01,2.978618E-01,2.260515E-01,1.655646E-01,1.150729E-01,7.387865E-02,4.734266E-02,2.712532E-02,1.451857E-02,7.471945E-03,2.995505E-03,9.995002E-04,7.497188E-04,4.998750E-04,2.499688E-04,0.000000E+00,0.000000E+00,0.000000E+00,0.000000E+00,0.000000E+00
-122.35783,37.95503,0.00000,1.000000E+00,1.000000E+00,9.999999E-01,9.999994E-01,9.999971E-01,9.999787E-01,9.999117E-01,9.996216E-01,9.987102E-01,9.964516E-01,9.905217E-01,9.790161E-01,9.582007E-01,9.239413E-01,8.773751E-01,8.145556E-01,7.401758E-01,6.562618E-01,5.666675E-01,4.774972E-01,3.925589E-01,3.113348E-01,2.390023E-01,1.764451E-01,1.286835E-01,9.119525E-02,6.093915E-02,3.885020E-02,2.224876E-02,1.131055E-02,4.614321E-03,1.998001E-03,7.497188E-04,2.499688E-04,1.249922E-04,1.249922E-04,1.249922E-04,0.000000E+00,0.000000E+00,0.000000E+00
-122.35762,38.00000,0.00000,1.000000E+00,1.000000E+00,9.999999E-01,9.999993E-01,9.999968E-01,9.999770E-01,9.999052E-01,9.995954E-01,9.986413E-01,9.962199E-01,9.903206E-01,9.787893E-01,9.578702E-01,9.242355E-01,8.779104E-01,8.157801E-01,7.414716E-01,6.580189E-01,5.695826E-01,4.765821E-01,3.918751E-01,3.103010E-01,2.370021E-01,1.800402E-01,1.329208E-01,9.323776E-02,6.293254E-02,3.945073E-02,2.163748E-02,1.303924E-02,7.720046E-03,4.116504E-03,2.247471E-03,6.248047E-04,3.749297E-04,2.499688E-04,0.000000E+00,0.000000E+00,0.000000E+00,0.000000E+00
-122.30582,37.01075,0.00000,1.000000E+00,1.000000E+00,1.000000E+00,1.000000E+00,9.999999E-01,9.999987E-01,9.999897E-01,9.999186E-01,9.995408E-01,9.981378E-01,9.931952E-01,9.807814E-01,9.535092E-01,9.038408E-01,8.297521E-01,7.346618E-01,6.289338E-01,5.224087E-01,4.172517E-01,3.259830E-01,2.506132E-01,1.851490E-01,1.363822E-01,9.629292E-02,6.830522E-02,4.483865E-02,3.100904E-02,1.710207E-02,1.155769E-02,5.609209E-03,2.621558E-03,9.995002E-04,3.749297E-04,1.249922E-04,0.000000E+00,0.000000E+00,0.000000E+00,0.000000E+00,0.000000E+00,0.000000E+00
-122.30559,37.05571,0.00000,1.000000E+00,1.000000E+00,1.000000E+00,1.000000E+00,9.999999E-01,9.999988E-01,9.999908E-01,9.999259E-01,9.995924E-01,9.983843E-01,9.940322E-01,9.826732E-01,9.576749E-01,9.116103E-01,8.416979E-01,7.477286E-01,6.424571E-01,5.360600E-01,4.317109E-01,3.406495E-01,2.624158E-01,2.002851E-01,1.511519E-01,1.075189E-01,7.769103E-02,5.007762E-02,3.330767E-02,2.004635E-02,1.069243E-02,5.484903E-03,3.493882E-03,2.247471E-03,9.995002E-04,4.998750E-04,2.499688E-04,0.000000E+00,0.000000E+00,0.000000E+00,0.000000E+00,0.000000E+00
-122.30535,37.10068,0.00000,1.000000E+00,1.000000E+00,1.000000E+00,1.000000E+00,9.999999E-01,9.999983E-01,9.999881E-01,9.999137E-01,9.995404E-01,9.982016E-01,9.936631E-01,9.818915E-01,9.567172E-01,9.095651E-01,8.403865E-01,7.481068E-01,6.438399E-01,5.378543E-01,4.386300E-01,3.463119E-01,2.703936E-01,2.038757E-01,1.457232E-01,1.051731E-01,7.341547E-02,4.972133E-02,3.294509E-02,2.371429E-02,1.513431E-02,9.455018E-03,5.484903E-03,2.621558E-03,1.124367E-03,2.499688E-04,0.000000E+00,0.000000E+00,0.000000E+00,0.000000E+00,0.000000E+00,0.000000E+00
-122.30511,37.14565,0.00000,1.000000E+00,1.000000E+00,1.000000E+00,1.000000E+00,9.999999E-01,9.999980E-01,9.999868E-01,9.999090E-01,9.995484E-01,9.983230E-01,9.943395E-01,9.839171E-01,9.610265E-01,9.187825E-01,8.549244E-01,7.680829E-01,6.681675E-01,5.626406E-01,4.605067E-01,3.676897E-01,2.850195E-01,2.214912E-01,1.719030E-01,1.271574E-01,9.130884E-02,6.398614E-02,4.304604E-02,3.064560E-02,1.857531E-02,1.081608E-02,5.982036E-03,2.870871E-03,1.249219E-03,7.497188E-04,2.499688E-04,1.249922E-04,1.249922E-04,0.000000E+00,0.000000E+00,0.000000E+00
-122.30488,37.19061,0.00000,1.000000E+00,1.000000E+00,1.000000E+00,1.000000E+00,9.999998E-01,9.999977E-01,9.999856E-01,9.999050E-01,9.995425E-01,9.983002E-01,9.941701E-01,9.839573E-01,9.613951E-01,9.200517E-01,8.589478E-01,7.736675E-01,6.756315E-01,5.728521E-01,4.727076E-01,3.808298E-01,2.989142E-01,2.347097E-01,1.770625E-01,1.297720E-01,9.538876E-02,6.667332E-02,4.316565E-02,2.688207E-02,1.574966E-02,9.455018E-03,6.106280E-03,3.369311E-03,1.998001E-03,7.497188E-04,4.998750E-04,0.000000E+00,0.000000E+00,0.000000E+00,0.000000E+00,0.000000E+00
-122.30465,37.23558,0.00000,1.000000E+00,1.000000E+00,1.000000E+00,1.000000E+00,9.999998E-01,9.999973E-01,9.999835E-01,9.998946E-01,9.995008E-01,9.981852E-01,9.938880E-01,9.833734E-01,9.615588E-01,9.197814E-01,8.580279E-01,7.765908E-01,6.816567E-01,5.793167E-01,4.852119E-01,3.936968E-01,3.175049E-01,2.474215E-01,1.952712E-01,1.497714E-01,1.111929E-01,7.434159E-02,5.019635E-02,2.955447E-02,1.685631E-02,8.463977E-03,4.365444E-03,2.122744E-03,4.998750E-04,2.499688E-04,1.249922E-04,1.249922E-04,0.000000E+00,0.000000E+00,0.000000E+00,0.000000E+00
-122.30441,37.28054,0.00000,1.000000E+00,1.000000E+00,1.000000E+00,1.000000E+00,9.999998E-01,9.999970E-01,9.999815E-01,9.998850E-01,9.994690E-01,9.981303E-01,9.938235E-01,9.832147E-01,9.603385E-01,9.195505E-01,8.567623E-01,7.739502E-01,6.762391E-01,5.797897E-01,4.848257E-01,3.988285E-01,3.242114E-01,2.638895E-01,2.099231E-01,1.615916E-01,1.198166E-01,8.584030E-02,5.635005E-02,3.342849E-02,1.808448E-02,8.959621E-03,3.867502E-03,1.998001E-03,8.746173E-04,2.499688E-04,2.499688E-04,1.249922E-04,0.000000E+00,0.000000E+00,0.000000E+00,0.000000E+00
-122.30418,37.32551,0.00000,1.000000E+00,1.000000E+00,1.000000E+00,9.999999E-01,9.999998E-01,9.999967E-01,9.999808E-01,9.998820E-01,9.994519E-01,9.980708E-01,9.937708E-01,9.836577E-01,9.618412E-01,9.222981E-01,8.634241E-01,7.823790E-01,6.869837E-01,5.864596E-01,4.952793E-01,4.099954E-01,3.390817E-01,2.773823E-01,2.282735E-01,1.779878E-01,1.356262E-01,9.719618E-02,6.527228E-02,4.340483E-02,2.566491E-02,1.599569E-02,7.844074E-03,3.120122E-03,4.998750E-04,1.249922E-04,0.000000E+00,0.000000E+00,0.000000E+00,0.000000E+00,0.000000E+00,0.000000E+00
-122.30394,37.37048,0.00000,1.000000E+00,1.000000E+00,1.000000E+00,9.999999E-01,9.999997E-01,9.999965E-01,9.999800E-01,9.998821E-01,9.994626E-01,9.981292E-01,9.939367E-01,9.837738E-01,9.622115E-01,9.233112E-01,8.652723E-01,7.879642E-01,6.949410E-01,5.996335E-01,5.073100E-01,4.236268E-01,3.542708E-01,2.972471E-01,2.484556E-01,1.979826E-01,1.578103E-01,1.204765E-01,8.412465E-02,5.446086E-02,3.379089E-02,1.931110E-02,8.959621E-03,4.116504E-03,2.247471E-03,8.746173E-04,4.998750E-04,1.249922E-04,0.000000E+00,0.000000E+00,0.000000E+00,0.000000E+00
-122.30370,37.41544,0.00000,1.000000E+00,1.000000E+00,1.000000E+00,9.999999E-01,9.999997E-01,9.999962E-01,9.999782E-01,9.998726E-01,9.994325E-01,9.980828E-01,9.938971E-01,9.841149E-01,9.629273E-01,9.249706E-01,8.674440E-01,7.918507E-01,7.041048E-01,6.096650E-01,5.190539E-01,4.314978E-01,3.578125E-01,2.988265E-01,2.484556E-01,2.081434E-01,1.697264E-01,1.306418E-01,9.821126E-02,7.144438E-02,4.877058E-02,2.931182E-02,1.722492E-02,9.455018E-03,4.489890E-03,2.621558E-03,1.124367E-03,4.998750E-04,0.000000E+00,0.000000E+00,0.000000E+00,0.000000E+00
-122.30346,37.46041,0.00000,1.000000E+00,1.000000E+00,1.000000E+00,9.999999E-01,9.999996E-01,9.999959E-01,9.999778E-01,9.998733E-01,9.994535E-01,9.981683E-01,9.940411E-01,9.843044E-01,9.649945E-01,9.294811E-01,8.760188E-01,8.038744E-01,7.209181E-01,6.266075E-01,5.316315E-01,4.438682E-01,3.683217E-01,3.103010E-01,2.517364E-01,2.138636E-01,1.744868E-01,1.392920E-01,1.069610E-01,7.699904E-02,5.221254E-02,3.234049E-02,1.783897E-02,8.216063E-03,3.369311E-03,1.623680E-03,6.248047E-04,3.749297E-04,3.749297E-04,2.499688E-04,1.249922E-04,0.000000E+00
-122.30322,37.50537,0.00000,1.000000E+00,1.000000E+00,1.000000E+00,9.999999E-01,9.999995E-01,9.999947E-01,9.999706E-01,9.998373E-01,9.993364E-01,9.978286E-01,9.933099E-01,9.829397E-01,9.623153E-01,9.255498E-01,8.733876E-01,8.011839E-01,7.180428E-01,6.262339E-01,5.330929E-01,4.433118E-01,3.675316E-01,3.011017E-01,2.475156E-01,1.992848E-01,1.618012E-01,1.226726E-01,9.233055E-02,6.573953E-02,4.316565E-02,2.566491E-02,1.328595E-02,7.844074E-03,3.618438E-03,1.623680E-03,7.497188E-04,1.249922E-04,0.000000E+00,0.000000E+00,0.000000E+00,0.000000E+00
-122.30299,37.55034,0.00000,1.000000E+00,1.000000E+00,1.000000E+00,9.999999E-01,9.999995E-01,9.999941E-01,9.999689E-01,9.998322E-01,9.993050E-01,9.977753E-01,9.932164E-01,9.827186E-01,9.626856E-01,9.269419E-01,8.737038E-01,8.073008E-01,7.224835E-01,6.303228E-01,5.409632E-01,4.502271E-01,3.680848E-01,2.983005E-01,2.390023E-01,1.847415E-01,1.387539E-01,1.012497E-01,6.923644E-02,4.448040E-02,2.578669E-02,1.538049E-02,8.711830E-03,3.493882E-03,1.623680E-03,7.497188E-04,3.749297E-04,0.000000E+00,0.000000E+00,0.000000E+00,0.000000E+00,0.000000E+00
-122.30274,37.59531,0.00000,1.000000E+00,1.000000E+00,1.000000E+00,9.999999E-01,9.999994E-01,9.999935E-01,9.999677E-01,9.998306E-01,9.993165E-01,9.977744E-01,9.933124E-01,9.830841E-01,9.630615E-01,9.287813E-01,8.782761E-01,8.132062E-01,7.340974E-01,6.429930E-01,5.470620E-01,4.575314E-01,3.745288E-01,3.005773E-01,2.302966E-01,1.722135E-01,1.242066E-01,8.686815E-02,5.635005E-02,3.451528E-02,1.857531E-02,1.118696E-02,4.863136E-03,1.873243E-03,7.497188E-04,3.749297E-04,1.249922E-04,0.000000E+00,0.000000E+00,0.000000E+00,0.000000E+00,0.000000E+00
-122.30251,37.64027,0.00000,1.000000E+00,1.000000E+00,1.000000E+00,9.999999E-01,9.999992E-01,9.999926E-01,9.999625E-01,9.998049E-01,9.992127E-01,9.975676E-01,9.929122E-01,9.829950E-01,9.630060E-01,9.289947E-01,8.796830E-01,8.151804E-01,7.394928E-01,6.487475E-01,5.581899E-01,4.621900E-01,3.726496E-01,2.950476E-01,2.263417E-01,1.633714E-01,1.133013E-01,7.457297E-02,4.304604E-02,2.383632E-02,1.143413E-02,6.106280E-03,2.122744E-03,4.998750E-04,0.000000E+00,0.000000E+00,0.000000E+00,0.000000E+00,0.000000E+00,0.000000E+00,0.000000E+00,0.000000E+00
-122.30226,37.68524,0.00000,1.000000E+00,1.000000E+00,1.000000E+00,9.999999E-01,9.999992E-01,9.999923E-01,9.999621E-01,9.998044E-01,9.992342E-01,9.976041E-01,9.930456E-01,9.830036E-01,9.633604E-01,9.307651E-01,8.847469E-01,8.237321E-01,7.494258E-01,6.636574E-01,5.745041E-01,4.786064E-01,3.867607E-01,3.031952E-01,2.271150E-01,1.618012E-01,1.055086E-01,6.702325E-02,3.921056E-02,1.980133E-02,1.007392E-02,5.111889E-03,2.372182E-03,1.498876E-03,4.998750E-04,2.499688E-04,1.249922E-04,0.000000E+00,0.000000E+00,0.000000E+00,0.000000E+00,0.000000E+00
-122.30202,37.73020,0.00000,1.000000E+00,1.000000E+00,1.000000E+00,9.999998E-01,9.999991E-01,9.999917E-01,9.999593E-01,9.997992E-01,9.992290E-01,9.976425E-01,9.930282E-01,9.831769E-01,9.641442E-01,9.319322E-01,8.879993E-01,8.279336E-01,7.538649E-01,6.727808E-01,5.840749E-01,4.926859E-01,4.013032E-01,3.172490E-01,2.302966E-01,1.628483E-01,1.057322E-01,6.129123E-02,3.318682E-02,1.661050E-02,8.216063E-03,3.742978E-03,1.374055E-03,1.249922E-04,1.249922E-04,0.000000E+00,0.000000E+00,0.000000E+00,0.000000E+00,0.000000E+00,0.000000E+00,0.000000E+00
-122.30178,37.77517,0.00000,1.000000E+00,1.000000E+00,1.000000E+00,9.999998E-01,9.999989E-01,9.999895E-01,9.999499E-01,9.997560E-01,9.990891E-01,9.973030E-01,9.924682E-01,9.824662E-01,9.634107E-01,9.317020E-01,8.863493E-01,8.254423E-01,7.532489E-01,6.696161E-01,5.812579E-01,4.882275E-01,3.961171E-01,3.084017E-01,2.294302E-01,1.625343E-01,1.042778E-01,6.573953E-02,3.680558E-02,1.992384E-02,9.578828E-03,3.742978E-03,1.374055E-03,6.248047E-04,0.000000E+00,0.000000E+00,0.000000E+00,0.000000E+00,0.000000E+00,0.000000E+00,0.000000E+00,0.000000E+00
-122.30154,37.82014,0.00000,1.000000E+00,1.000000E+00,1.000000E+00,9.999998E-01,9.999986E-01,9.999880E-01,9.999443E-01,9.997368E-01,9.990410E-01,9.972007E-01,9.921628E-01,9.817688E-01,9.626762E-01,9.300955E-01,8.838503E-01,8.230256E-01,7.495823E-01,6.691615E-01,5.813625E-01,4.907163E-01,3.996545E-01,3.126248E-01,2.349966E-01,1.697264E-01,1.115261E-01,7.167649E-02,4.316565E-02,2.408033E-02,1.229874E-02,5.111889E-03,1.998001E-03,2.499688E-04,1.249922E-04,1.249922E-04,0.000000E+00,0.000000E+00,0.000000E+00,0.000000E+00,0.000000E+00,0.000000E+00
-122.30129,37.86510,0.00000,1.000000E+00,1.000000E+00,9.999999E-01,9.999997E-01,9.999983E-01,9.999855E-01,9.999358E-01,9.997093E-01,9.989384E-01,9.969940E-01,9.917734E-01,9.813214E-01,9.620838E-01,9.293488E-01,8.835595E-01,8.242601E-01,7.493631E-01,6.701525E-01,5.764675E-01,4.819844E-01,3.929384E-01,3.107319E-01,2.398580E-01,1.777822E-01,1.302070E-01,8.606882E-02,5.422445E-02,3.113016E-02,1.636462E-02,6.354723E-03,1.748470E-03,3.749297E-04,0.000000E+00,0.000000E+00,0.000000E+00,0.000000E+00,0.000000E+00,0.000000E+00,0.000000E+00,0.000000E+00
-122.30105,37.91007,0.00000,1.000000E+00,1.000000E+00,9.999999E-01,9.999996E-01,9.999981E-01,9.999847E-01,9.999329E-01,9.996968E-01,9.989260E-01,9.968993E-01,9.916574E-01,9.811218E-01,9.613419E-01,9.296924E-01,8.848765E-01,8.238642E-01,7.498326E-01,6.699051E-01,5.777362E-01,4.891223E-01,4.001796E-01,3.209089E-01,2.459149E-01,1.870820E-01,1.389692E-01,9.854937E-02,6.480480E-02,4.089047E-02,2.237097E-02,1.217527E-02,6.478921E-03,2.995505E-03,1.249219E-03,2.499688E-04,1.249922E-04,0.000000E+00,0.000000E+00,0.000000E+00,0.000000E+00,0.000000E+00
-122.30080,37.95503,0.00000,1.000000E+00,1.000000E+00,9.999999E-01,9.999995E-01,9.999977E-01,9.999816E-01,9.999233E-01,9.996601E-01,9.988243E-01,9.967113E-01,9.912406E-01,9.802702E-01,9.603286E-01,9.285941E-01,8.839518E-01,8.245234E-01,7.525694E-01,6.692855E-01,5.809961E-01,4.907799E-01,3.989788E-01,3.228585E-01,2.499572E-01,1.893144E-01,1.363822E-01,9.414407E-02,6.410314E-02,4.208861E-02,2.749008E-02,1.390246E-02,7.223782E-03,3.493882E-03,1.873243E-03,7.497188E-04,3.749297E-04,0.000000E+00,0.000000E+00,0.000000E+00,0.000000E+00,0.000000E+00
-122.30056,38.00000,0.00000,1.000000E+00,1.000000E+00,9.999999E-01,9.999995E-01,9.999974E-01,9.999807E-01,9.999204E-01,9.996538E-01,9.988127E-01,9.966582E-01,9.913028E-01,9.806585E-01,9.617410E-01,9.305571E-01,8.885579E-01,8.325382E-01,7.635161E-01,6.816965E-01,5.969219E-01,5.073100E-01,4.181252E-01,3.354366E-01,2.542576E-01,1.937610E-01,1.397223E-01,9.663175E-02,6.433708E-02,4.113022E-02,2.249317E-02,1.316261E-02,5.857776E-03,3.120122E-03,1.748470E-03,3.749297E-04,1.249922E-04,0.000000E+00,0.000000E+00,0.000000E+00,0.000000E+00,0.000000E+00
-122.24950,37.01075,0.00000,1.000000E+00,1.000000E+00,1.000000E+00,1.000000E+00,1.000000E+00,9.999993E-01,9.999944E-01,9.999512E-01,9.997104E-01,9.987692E-01,9.952316E-01,9.855401E-01,9.635203E-01,9.212518E-01,8.551780E-01,7.679378E-01,6.656276E-01,5.590726E-01,4.515313E-01,3.586147E-01,2.787360E-01,2.112059E-01,1.536946E-01,1.131904E-01,8.217634E-02,5.835318E-02,3.836950E-02,2.408033E-02,1.587268E-02,8.959621E-03,5.609209E-03,2.870871E-03,1.249219E-03,3.749297E-04,1.249922E-04,0.000000E+00,0.000000E+00,0.000000E+00,0.000000E+00,0.000000E+00
-122.24924,37.05571,0.00000,1.000000E+00,1.000000E+00,1.000000E+00,1.000000E+00,9.999999E-01,9.999993E-01,9.999940E-01,9.999495E-01,9.997089E-01,9.987897E-01,9.953755E-01,9.859428E-01,9.642739E-01,9.229943E-01,8.608739E-01,7.715642E-01,6.646649E-01,5.572500E-01,4.592239E-01,3.665030E-01,2.876066E-01,2.209071E-01,1.662945E-01,1.214654E-01,8.595457E-02,6.187774E-02,4.172933E-02,2.858354E-02,1.685631E-02,9.826402E-03,4.987521E-03,2.746222E-03,1.374055E-03,3.749297E-04,0.000000E+00,0.000000E+00,0.000000E+00,0.000000E+00,0.000000E+00,0.000000E+00
-122.24897,37.10068,0.00000,1.000000E+00,1.000000E+00,1.000000E+00,1.000000E+00,9.999999E-01,9.999992E-01,9.999937E-01,9.999469E-01,9.997007E-01,9.987533E-01,9.953592E-01,9.861262E-01,9.655415E-01,9.258007E-01,8.641223E-01,7.796692E-01,6.814577E-01,5.788432E-01,4.766475E-01,3.799778E-01,2.984759E-01,2.302966E-01,1.723170E-01,1.224532E-01,8.743868E-02,6.199500E-02,3.860988E-02,2.493389E-02,1.501119E-02,8.340027E-03,4.987521E-03,2.372182E-03,1.124367E-03,4.998750E-04,1.249922E-04,1.249922E-04,1.249922E-04,1.249922E-04,0.000000E+00,0.000000E+00
-122.24870,37.14565,0.00000,1.000000E+00,1.000000E+00,1.000000E+00,1.000000E+00,9.999999E-01,9.999991E-01,9.999930E-01,9.999468E-01,9.997081E-01,9.988176E-01,9.955144E-01,9.867217E-01,9.672303E-01,9.290745E-01,8.704418E-01,7.908597E-01,6.945976E-01,5.928200E-01,4.911617E-01,4.006293E-01,3.152832E-01,2.424191E-01,1.807574E-01,1.334626E-01,9.414407E-02,6.620654E-02,4.400252E-02,2.761163E-02,1.402571E-02,8.216063E-03,3.742978E-03,1.249219E-03,7.497188E-04,3.749297E-04,0.000000E+00,0.000000E+00,0.000000E+00,0.000000E+00,0.000000E+00,0.000000E+00
-122.24844,37.19061,0.00000,1.000000E+00,1.000000E+00,1.000000E+00,1.000000E+00,9.999999E-01,9.999985E-01,9.999898E-01,9.999301E-01,9.996454E-01,9.986711E-01,9.951638E-01,9.863242E-01,9.663629E-01,9.290922E-01,8.700200E-01,7.905719E-01,6.967279E-01,5.977775E-01,4.932563E-01,4.013780E-01,3.215029E-01,2.540711E-01,1.928534E-01,1.425136E-01,1.045017E-01,7.063154E-02,4.603186E-02,2.712532E-02,1.587268E-02,7.223782E-03,2.870871E-03,7.497188E-04,2.499688E-04,1.249922E-04,0.000000E+00,0.000000E+00,0.000000E+00,0.000000E+00,0.000000E+00,0.000000E+00
-122.24817,37.23558,0.00000,1.000000E+00,1.000000E+00,1.000000E+00,1.000000E+00,9.999999E-01,9.999983E-01,9.999893E-01,9.999265E-01,9.996359E-01,9.986316E-01,9.951963E-01,9.864856E-01,9.674751E-01,9.324070E-01,8.758326E-01,7.985069E-01,7.063158E-01,6.052983E-01,5.076793E-01,4.203756E-01,3.423780E-01,2.763880E-01,2.217831E-01,1.643120E-01,1.181647E-01,8.091347E-02,5.126428E-02,3.330767E-02,1.808448E-02,8.216063E-03,2.995505E-03,9.995002E-04,6.248047E-04,1.249922E-04,1.249922E-04,0.000000E+00,0.000000E+00,0.000000E+00,0.000000E+00,0.000000E+00
-122.24789,37.28054,0.00000,1.000000E+00,1.000000E+00,1.000000E+00,1.000000E+00,9.999999E-01,9.999980E-01,9.999874E-01,9.999180E-01,9.996138E-01,9.985811E-01,9.950876E-01,9.863293E-01,9.672835E-01,9.310932E-01,8.741922E-01,7.957172E-01,7.029932E-01,6.096650E-01,5.128217E-01,4.245627E-01,3.518447E-01,2.862696E-01,2.307775E-01,1.818831E-01,1.406895E-01,1.022602E-01,6.877095E-02,4.627032E-02,2.773317E-02,1.476491E-02,7.596003E-03,2.870871E-03,9.995002E-04,0.000000E+00,0.000000E+00,0.000000E+00,0.000000E+00,0.000000E+00,0.000000E+00,0.000000E+00
-122.24763,37.32551,0.00000,1.000000E+00,1.000000E+00,1.000000E+00,1.000000E+00,9.999998E-01,9.999979E-01,9.999870E-01,9.999168E-01,9.996045E-01,9.985476E-01,9.952179E-01,9.867200E-01,9.679233E-01,9.329204E-01,8.789286E-01,8.053155E-01,7.123829E-01,6.186833E-01,5.272790E-01,4.414298E-01,3.643613E-01,3.030210E-01,2.459149E-01,2.013840E-01,1.582313E-01,1.216850E-01,8.948964E-02,5.999962E-02,3.680558E-02,2.004635E-02,1.081608E-02,4.489890E-03,1.873243E-03,7.497188E-04,1.249922E-04,0.000000E+00,0.000000E+00,0.000000E+00,0.000000E+00,0.000000E+00
-122.24735,37.37048,0.00000,1.000000E+00,1.000000E+00,1.000000E+00,1.000000E+00,9.999998E-01,9.999975E-01,9.999847E-01,9.999043E-01,9.995559E-01,9.984579E-01,9.948667E-01,9.861937E-01,9.677988E-01,9.340264E-01,8.831220E-01,8.115175E-01,7.246948E-01,6.311075E-01,5.350149E-01,4.435901E-01,3.654727E-01,3.004899E-01,2.508005E-01,2.054664E-01,1.650430E-01,1.273756E-01,9.606697E-02,6.807226E-02,4.674706E-02,2.797621E-02,1.525741E-02,7.347872E-03,3.742978E-03,1.374055E-03,4.998750E-04,1.249922E-04,0.000000E+00,0.000000E+00,0.000000E+00,0.000000E+00
-122.24709,37.41544,0.00000,1.000000E+00,1.000000E+00,1.000000E+00,1.000000E+00,9.999998E-01,9.999974E-01,9.999845E-01,9.999066E-01,9.995688E-01,9.984510E-01,9.949393E-01,9.865799E-01,9.686016E-01,9.353650E-01,8.866047E-01,8.212023E-01,7.386775E-01,6.453504E-01,5.467788E-01,4.556294E-01,3.813713E-01,3.136551E-01,2.601072E-01,2.149438E-01,1.759302E-01,1.362743E-01,1.037178E-01,7.722976E-02,5.114568E-02,3.367011E-02,1.992384E-02,9.578828E-03,5.360581E-03,3.120122E-03,1.249219E-03,4.998750E-04,0.000000E+00,0.000000E+00,0.000000E+00,0.000000E+00
-122.24681,37.46041,0.00000,1.000000E+00,1.000000E+00,1.000000E+00,9.999999E-01,9.999997E-01,9.999967E-01,9.999812E-01,9.998880E-01,9.995065E-01,9.983051E-01,9.945581E-01,9.858600E-01,9.677423E-01,9.341993E-01,8.836613E-01,8.149723E-01,7.304833E-01,6.383216E-01,5.411927E-01,4.505019E-01,3.753102E-01,3.102148E-01,2.510814E-01,1.989845E-01,1.541177E-01,1.188259E-01,8.549743E-02,6.011711E-02,3.933065E-02,2.383632E-02,1.377919E-02,7.347872E-03,3.369311E-03,9.995002E-04,2.499688E-04,1.249922E-04,0.000000E+00,0.000000E+00,0.000000E+00,0.000000E+00
-122.24654,37.50537,0.00000,1.000000E+00,1.000000E+00,1.000000E+00,9.999999E-01,9.999996E-01,9.999961E-01,9.999787E-01,9.998780E-01,9.994772E-01,9.982027E-01,9.943254E-01,9.853710E-01,9.674711E-01,9.357115E-01,8.874238E-01,8.217824E-01,7.414070E-01,6.496245E-01,5.556977E-01,4.627947E-01,3.744506E-01,2.970714E-01,2.340398E-01,1.807574E-01,1.358423E-01,9.877470E-02,6.807226E-02,4.220834E-02,2.603022E-02,1.365590E-02,8.092081E-03,3.493882E-03,2.247471E-03,1.124367E-03,1.249922E-04,0.000000E+00,0.000000E+00,0.000000E+00,0.000000E+00,0.000000E+00
-122.24627,37.55034,0.00000,1.000000E+00,1.000000E+00,1.000000E+00,9.999999E-01,9.999996E-01,9.999958E-01,9.999766E-01,9.998689E-01,9.994450E-01,9.981797E-01,9.944620E-01,9.860427E-01,9.681351E-01,9.357035E-01,8.888223E-01,8.271143E-01,7.506132E-01,6.635312E-01,5.704963E-01,4.795831E-01,3.892087E-01,3.046744E-01,2.283699E-01,1.631622E-01,1.166202E-01,7.619106E-02,4.722357E-02,2.809771E-02,1.587268E-02,8.463977E-03,3.992011E-03,2.247471E-03,8.746173E-04,4.998750E-04,1.249922E-04,1.249922E-04,1.249922E-04,1.249922E-04,0.000000E+00,0.000000E+00
-122.24599,37.59531,0.00000,1.000000E+00,1.000000E+00,1.000000E+00,9.999999E-01,9.999996E-01,9.999953E-01,9.999742E-01,9.998624E-01,9.994141E-01,9.981210E-01,9.941284E-01,9.852645E-01,9.671400E-01,9.355345E-01,8.895288E-01,8.296031E-01,7.562836E-01,6.770878E-01,5.832943E-01,4.855336E-01,3.949081E-01,3.052825E-01,2.267285E-01,1.629530E-01,1.124141E-01,7.376287E-02,4.471925E-02,2.615196E-02,1.402571E-02,7.347872E-03,2.496878E-03,7.497188E-04,0.000000E+00,0.000000E+00,0.000000E+00,0.000000E+00,0.000000E+00,0.000000E+00,0.000000E+00,0.000000E+00
-122.24572,37.64027,0.00000,1.000000E+00,1.000000E+00,1.000000E+00,9.999999E-01,9.999995E-01,9.999944E-01,9.999707E-01,9.998406E-01,9.993502E-01,9.979435E-01,9.938096E-01,9.846325E-01,9.663965E-01,9.349679E-01,8.899285E-01,8.299648E-01,7.593713E-01,6.759152E-01,5.876983E-01,4.915432E-01,4.013780E-01,3.109042E-01,2.310659E-01,1.621155E-01,1.068493E-01,6.830522E-02,4.053074E-02,1.796173E-02,9.331192E-03,5.484903E-03,1.623680E-03,3.749297E-04,1.249922E-04,0.000000E+00,0.000000E+00,0.000000E+00,0.000000E+00,0.000000E+00,0.000000E+00,0.000000E+00
-122.24545,37.68524,0.00000,1.000000E+00,1.000000E+00,1.000000E+00,9.999999E-01,9.999993E-01,9.999931E-01,9.999654E-01,9.998238E-01,9.993080E-01,9.978180E-01,9.935521E-01,9.842198E-01,9.660503E-01,9.358801E-01,8.927669E-01,8.330607E-01,7.604517E-01,6.797409E-01,5.936336E-01,5.063853E-01,4.149892E-01,3.234507E-01,2.395729E-01,1.638941E-01,1.037178E-01,5.941194E-02,3.415315E-02,1.796173E-02,9.826402E-03,3.742978E-03,1.873243E-03,7.497188E-04,2.499688E-04,0.000000E+00,0.000000E+00,0.000000E+00,0.000000E+00,0.000000E+00,0.000000E+00,0.000000E+00
-122.24516,37.73020,0.00000,1.000000E+00,1.000000E+00,1.000000E+00,9.999999E-01,9.999992E-01,9.999925E-01,9.999629E-01,9.998122E-01,9.992752E-01,9.977391E-01,9.934800E-01,9.842867E-01,9.661520E-01,9.358320E-01,8.932617E-01,8.377310E-01,7.670659E-01,6.870228E-01,6.018295E-01,5.109913E-01,4.208826E-01,3.345222E-01,2.525778E-01,1.776794E-01,1.191562E-01,7.480431E-02,4.340483E-02,2.273752E-02,1.044507E-02,4.863136E-03,1.873243E-03,8.746173E-04,2.499688E-04,1.249922E-04,0.000000E+00,0.000000E+00,0.000000E+00,0.000000E+00,0.000000E+00,0.000000E+00
-122.24489,37.77517,0.00000,1.000000E+00,1.000000E+00,1.000000E+00,9.999998E-01,9.999990E-01,9.999914E-01,9.999585E-01,9.997960E-01,9.992273E-01,9.976653E-01,9.933015E-01,9.839993E-01,9.663208E-01,9.363433E-01,8.938471E-01,8.368157E-01,7.716498E-01,6.915283E-01,6.069231E-01,5.176089E-01,4.358161E-01,3.520877E-01,2.686587E-01,1.946675E-01,1.318363E-01,8.458247E-02,5.268632E-02,2.991831E-02,1.697920E-02,8.463977E-03,4.365444E-03,1.873243E-03,7.497188E-04,2.499688E-04,1.249922E-04,0.000000E+00,0.000000E+00,0.000000E+00,0.000000E+00,0.000000E+00
-122.24461,37.82014,0.00000,1.000000E+00,1.000000E+00,1.000000E+00,9.999998E-01,9.999989E-01,9.999901E-01,9.999536E-01,9.997767E-01,9.991627E-01,9.975129E-01,9.929519E-01,9.833338E-01,9.655803E-01,9.359041E-01,8.929276E-01,8.344944E-01,7.677928E-01,6.878433E-01,5.987819E-01,5.086630E-01,4.209549E-01,3.349380E-01,2.615855E-01,1.928534E-01,1.403672E-01,9.346442E-02,6.082176E-02,3.848970E-02,2.102581E-02,9.702623E-03,4.738736E-03,1.998001E-03,7.497188E-04,3.749297E-04,0.000000E+00,0.000000E+00,0.000000E+00,0.000000E+00,0.000000E+00,0.000000E+00
-122.24433,37.86510,0.00000,1.000000E+00,1.000000E+00,1.000000E+00,9.999998E-01,9.999989E-01,9.999900E-01,9.999539E-01,9.997756E-01,9.991594E-01,9.975129E-01,9.930915E-01,9.837595E-01,9.663419E-01,9.375569E-01,8.955451E-01,8.411031E-01,7.704479E-01,6.888950E-01,6.063823E-01,5.124561E-01,4.203756E-01,3.413908E-01,2.708494E-01,2.065581E-01,1.495588E-01,1.060675E-01,7.341547E-02,4.471925E-02,2.651708E-02,1.488806E-02,8.092081E-03,4.116504E-03,2.122744E-03,1.124367E-03,0.000000E+00,0.000000E+00,0.000000E+00,0.000000E+00,0.000000E+00,0.000000E+00
-122.24406,37.91007,0.00000,1.000000E+00,1.000000E+00,1.000000E+00,9.999997E-01,9.999985E-01,9.999874E-01,9.999436E-01,9.997380E-01,9.990607E-01,9.972800E-01,9.924645E-01,9.828091E-01,9.648454E-01,9.357999E-01,8.955451E-01,8.404464E-01,7.734410E-01,6.920676E-01,6.043597E-01,5.117243E-01,4.169603E-01,3.343558E-01,2.589965E-01,1.935594E-01,1.416557E-01,9.798578E-02,6.678998E-02,4.041080E-02,2.310392E-02,1.242220E-02,6.106280E-03,2.995505E-03,1.249219E-03,1.249922E-04,1.249922E-04,0.000000E+00,0.000000E+00,0.000000E+00,0.000000E+00,0.000000E+00
-122.24377,37.95503,0.00000,1.000000E+00,1.000000E+00,9.999999E-01,9.999996E-01,9.999982E-01,9.999847E-01,9.999330E-01,9.997058E-01,9.989628E-01,9.970682E-01,9.921028E-01,9.822212E-01,9.639149E-01,9.350086E-01,8.935149E-01,8.390441E-01,7.694990E-01,6.903693E-01,6.006832E-01,5.070636E-01,4.116157E-01,3.252243E-01,2.535115E-01,1.866754E-01,1.285746E-01,8.789485E-02,5.434266E-02,3.379089E-02,1.857531E-02,1.007392E-02,5.609209E-03,2.496878E-03,1.124367E-03,6.248047E-04,0.000000E+00,0.000000E+00,0.000000E+00,0.000000E+00,0.000000E+00,0.000000E+00
-122.24350,38.00000,0.00000,1.000000E+00,1.000000E+00,9.999999E-01,9.999996E-01,9.999979E-01,9.999837E-01,9.999297E-01,9.996951E-01,9.989537E-01,9.970157E-01,9.920334E-01,9.818099E-01,9.636296E-01,9.342404E-01,8.936745E-01,8.388025E-01,7.709065E-01,6.904854E-01,6.051996E-01,5.149484E-01,4.217506E-01,3.306010E-01,2.463860E-01,1.802452E-01,1.231111E-01,7.872804E-02,4.829484E-02,2.931182E-02,1.710207E-02,8.340027E-03,3.742978E-03,1.374055E-03,4.998750E-04,1.249922E-04,0.000000E+00,0.000000E+00,0.000000E+00,0.000000E+00,0.000000E+00,0.000000E+00
-122.19320,37.01075,0.00000,1.000000E+00,1.000000E+00,1.000000E+00,1.000000E+00,1.000000E+00,9.999996E-01,9.999962E-01,9.999666E-01,9.997874E-01,9.990435E-01,9.961358E-01,9.878903E-01,9.684088E-01,9.299555E-01,8.692542E-01,7.851629E-01,6.856899E-01,5.795795E-01,4.747469E-01,3.822213E-01,3.011890E-01,2.323144E-01,1.727307E-01,1.222338E-01,8.355205E-02,5.481537E-02,3.596242E-02,2.322602E-02,1.353260E-02,7.720046E-03,4.116504E-03,1.873243E-03,1.374055E-03,7.497188E-04,0.000000E+00,0.000000E+00,0.000000E+00,0.000000E+00,0.000000E+00,0.000000E+00
-122.19289,37.05571,0.00000,1.000000E+00,1.000000E+00,1.000000E+00,1.000000E+00,1.000000E+00,9.999996E-01,9.999962E-01,9.999657E-01,9.997886E-01,9.990575E-01,9.963031E-01,9.883986E-01,9.698403E-01,9.329790E-01,8.765137E-01,7.961763E-01,7.017654E-01,5.988821E-01,4.968541E-01,4.003295E-01,3.088338E-01,2.395729E-01,1.783987E-01,1.317278E-01,9.142242E-02,5.952950E-02,3.572138E-02,2.200430E-02,1.168124E-02,5.484903E-03,2.870871E-03,1.249219E-03,3.749297E-04,0.000000E+00,0.000000E+00,0.000000E+00,0.000000E+00,0.000000E+00,0.000000E+00,0.000000E+00
-122.19260,37.10068,0.00000,1.000000E+00,1.000000E+00,1.000000E+00,1.000000E+00,1.000000E+00,9.999996E-01,9.999964E-01,9.999675E-01,9.997973E-01,9.991158E-01,9.964693E-01,9.889712E-01,9.719986E-01,9.379227E-01,8.811627E-01,8.039969E-01,7.064626E-01,6.071196E-01,5.065086E-01,4.104378E-01,3.243803E-01,2.536981E-01,1.923488E-01,1.415484E-01,9.933779E-02,6.340095E-02,3.909045E-02,2.322602E-02,1.229874E-02,6.230509E-03,2.621558E-03,9.995002E-04,3.749297E-04,1.249922E-04,0.000000E+00,0.000000E+00,0.000000E+00,0.000000E+00,0.000000E+00,0.000000E+00
-122.19229,37.14565,0.00000,1.000000E+00,1.000000E+00,1.000000E+00,1.000000E+00,1.000000E+00,9.999995E-01,9.999955E-01,9.999616E-01,9.997772E-01,9.990556E-01,9.963252E-01,9.888604E-01,9.716818E-01,9.380158E-01,8.832972E-01,8.063591E-01,7.175136E-01,6.166282E-01,5.140381E-01,4.196506E-01,3.364327E-01,2.641655E-01,2.034776E-01,1.506212E-01,1.028211E-01,6.842167E-02,4.113022E-02,2.249317E-02,1.266906E-02,5.111889E-03,3.244724E-03,1.124367E-03,1.249922E-04,1.249922E-04,0.000000E+00,0.000000E+00,0.000000E+00,0.000000E+00,0.000000E+00,0.000000E+00
-122.19199,37.19061,0.00000,1.000000E+00,1.000000E+00,1.000000E+00,1.000000E+00,9.999999E-01,9.999993E-01,9.999947E-01,9.999589E-01,9.997699E-01,9.990627E-01,9.964302E-01,9.892085E-01,9.728057E-01,9.406023E-01,8.892245E-01,8.164008E-01,7.274001E-01,6.310614E-01,5.319827E-01,4.357456E-01,3.533014E-01,2.802670E-01,2.147475E-01,1.649386E-01,1.204765E-01,8.217634E-02,5.304149E-02,3.379089E-02,1.992384E-02,1.093972E-02,5.360581E-03,2.247471E-03,3.749297E-04,1.249922E-04,0.000000E+00,0.000000E+00,0.000000E+00,0.000000E+00,0.000000E+00,0.000000E+00
-122.19169,37.23558,0.00000,1.000000E+00,1.000000E+00,1.000000E+00,1.000000E+00,9.999999E-01,9.999992E-01,9.999940E-01,9.999538E-01,9.997485E-01,9.990042E-01,9.962929E-01,9.888423E-01,9.716358E-01,9.388775E-01,8.877049E-01,8.159412E-01,7.283865E-01,6.319826E-01,5.368133E-01,4.460883E-01,3.626109E-01,2.910711E-01,2.350922E-01,1.812692E-01,1.357343E-01,9.753466E-02,6.690662E-02,4.448040E-02,2.542130E-02,1.340928E-02,6.851421E-03,3.120122E-03,1.124367E-03,1.249922E-04,1.249922E-04,0.000000E+00,0.000000E+00,0.000000E+00,0.000000E+00,0.000000E+00
-122.19138,37.28054,0.00000,1.000000E+00,1.000000E+00,1.000000E+00,1.000000E+00,9.999999E-01,9.999987E-01,9.999917E-01,9.999427E-01,9.997109E-01,9.989195E-01,9.961150E-01,9.888701E-01,9.723982E-01,9.396971E-01,8.881951E-01,8.179775E-01,7.311563E-01,6.378693E-01,5.421667E-01,4.481616E-01,3.662654E-01,3.009269E-01,2.452547E-01,1.955730E-01,1.550687E-01,1.183852E-01,8.743868E-02,6.058694E-02,4.053074E-02,2.334811E-02,1.402571E-02,6.727270E-03,2.372182E-03,7.497188E-04,2.499688E-04,1.249922E-04,1.249922E-04,0.000000E+00,0.000000E+00,0.000000E+00
-122.19108,37.32551,0.00000,1.000000E+00,1.000000E+00,1.000000E+00,1.000000E+00,9.999999E-01,9.999987E-01,9.999913E-01,9.999406E-01,9.997112E-01,9.989190E-01,9.962312E-01,9.892004E-01,9.732875E-01,9.424801E-01,8.946403E-01,8.244576E-01,7.399483E-01,6.449956E-01,5.529680E-01,4.632646E-01,3.856098E-01,3.159676E-01,2.591818E-01,2.100219E-01,1.703489E-01,1.346533E-01,1.019235E-01,7.353128E-02,5.067113E-02,3.294509E-02,2.053620E-02,1.093972E-02,5.982036E-03,2.746222E-03,1.374055E-03,3.749297E-04,2.499688E-04,0.000000E+00,0.000000E+00,0.000000E+00
-122.19077,37.37048,0.00000,1.000000E+00,1.000000E+00,1.000000E+00,1.000000E+00,9.999999E-01,9.999982E-01,9.999889E-01,9.999281E-01,9.996520E-01,9.987403E-01,9.956235E-01,9.878068E-01,9.709467E-01,9.394554E-01,8.924043E-01,8.257693E-01,7.418592E-01,6.504120E-01,5.554199E-01,4.634658E-01,3.819896E-01,3.132260E-01,2.524843E-01,2.059628E-01,1.630576E-01,1.260656E-01,9.561489E-02,6.900372E-02,4.924607E-02,3.040323E-02,1.918851E-02,8.959621E-03,5.111889E-03,2.372182E-03,9.995002E-04,6.248047E-04,2.499688E-04,0.000000E+00,0.000000E+00,0.000000E+00
-122.19047,37.41544,0.00000,1.000000E+00,1.000000E+00,1.000000E+00,1.000000E+00,9.999999E-01,9.999980E-01,9.999877E-01,9.999230E-01,9.996328E-01,9.987144E-01,9.956562E-01,9.881760E-01,9.722217E-01,9.426381E-01,8.970616E-01,8.321820E-01,7.516708E-01,6.618024E-01,5.673711E-01,4.762548E-01,3.902767E-01,3.180166E-01,2.548167E-01,2.008847E-01,1.568623E-01,1.176134E-01,8.240577E-02,5.693965E-02,3.632386E-02,2.163748E-02,1.291586E-02,6.106280E-03,3.244724E-03,9.995002E-04,1.249922E-04,0.000000E+00,0.000000E+00,0.000000E+00,0.000000E+00,0.000000E+00
-122.19016,37.46041,0.00000,1.000000E+00,1.000000E+00,1.000000E+00,1.000000E+00,9.999998E-01,9.999977E-01,9.999865E-01,9.999157E-01,9.996110E-01,9.986296E-01,9.955087E-01,9.880228E-01,9.726865E-01,9.436191E-01,8.991882E-01,8.373045E-01,7.620037E-01,6.722077E-01,5.786325E-01,4.832133E-01,3.920271E-01,3.111626E-01,2.421350E-01,1.825986E-01,1.333543E-01,9.312440E-02,6.304966E-02,3.921056E-02,2.469009E-02,1.340928E-02,7.844074E-03,3.867502E-03,1.374055E-03,4.998750E-04,1.249922E-04,1.249922E-04,1.249922E-04,1.249922E-04,1.249922E-04,0.000000E+00
-122.18986,37.50537,0.00000,1.000000E+00,1.000000E+00,1.000000E+00,1.000000E+00,9.999998E-01,9.999973E-01,9.999844E-01,9.999079E-01,9.995846E-01,9.985595E-01,9.953196E-01,9.875543E-01,9.716889E-01,9.420398E-01,8.971260E-01,8.363050E-01,7.626869E-01,6.767244E-01,5.885221E-01,4.925591E-01,4.015277E-01,3.137409E-01,2.373835E-01,1.760332E-01,1.222338E-01,7.861287E-02,5.019635E-02,2.712532E-02,1.550356E-02,6.603103E-03,2.746222E-03,6.248047E-04,3.749297E-04,0.000000E+00,0.000000E+00,0.000000E+00,0.000000E+00,0.000000E+00,0.000000E+00,0.000000E+00
-122.18955,37.55034,0.00000,1.000000E+00,1.000000E+00,1.000000E+00,9.999999E-01,9.999998E-01,9.999970E-01,9.999830E-01,9.998972E-01,9.995572E-01,9.984645E-01,9.950327E-01,9.871125E-01,9.710121E-01,9.425663E-01,8.991252E-01,8.414801E-01,7.690375E-01,6.896331E-01,5.982800E-01,5.047165E-01,4.057024E-01,3.142554E-01,2.339440E-01,1.651473E-01,1.076305E-01,6.433708E-02,3.535971E-02,1.783897E-02,9.083494E-03,4.614321E-03,2.247471E-03,9.995002E-04,2.499688E-04,2.499688E-04,0.000000E+00,0.000000E+00,0.000000E+00,0.000000E+00,0.000000E+00,0.000000E+00
-122.18924,37.59531,0.00000,1.000000E+00,1.000000E+00,1.000000E+00,9.999999E-01,9.999996E-01,9.999962E-01,9.999793E-01,9.998820E-01,9.995029E-01,9.983744E-01,9.949896E-01,9.869863E-01,9.707354E-01,9.419311E-01,9.001788E-01,8.431162E-01,7.732143E-01,6.966521E-01,6.104449E-01,5.203147E-01,4.260712E-01,3.374273E-01,2.527646E-01,1.777822E-01,1.154047E-01,7.063154E-02,4.196886E-02,2.188204E-02,9.826402E-03,3.742978E-03,1.124367E-03,1.249922E-04,1.249922E-04,1.249922E-04,0.000000E+00,0.000000E+00,0.000000E+00,0.000000E+00,0.000000E+00,0.000000E+00
-122.18893,37.64027,0.00000,1.000000E+00,1.000000E+00,1.000000E+00,9.999999E-01,9.999996E-01,9.999956E-01,9.999765E-01,9.998687E-01,9.994501E-01,9.982396E-01,9.945649E-01,9.864738E-01,9.702745E-01,9.416546E-01,9.009371E-01,8.468749E-01,7.796140E-01,7.032158E-01,6.183018E-01,5.298719E-01,4.396115E-01,3.498161E-01,2.655438E-01,1.833135E-01,1.199266E-01,7.457297E-02,4.029084E-02,2.004635E-02,9.702623E-03,3.867502E-03,1.374055E-03,4.998750E-04,2.499688E-04,0.000000E+00,0.000000E+00,0.000000E+00,0.000000E+00,0.000000E+00,0.000000E+00,0.000000E+00
-122.18862,37.68524,0.00000,1.000000E+00,1.000000E+00,1.000000E+00,9.999999E-01,9.999995E-01,9.999946E-01,9.999717E-01,9.998474E-01,9.993762E-01,9.980033E-01,9.940255E-01,9.852222E-01,9.686683E-01,9.402075E-01,8.992386E-01,8.431358E-01,7.767861E-01,7.036236E-01,6.192548E-01,5.290484E-01,4.428245E-01,3.553998E-01,2.688415E-01,1.892131E-01,1.249725E-01,8.022390E-02,4.650872E-02,2.347019E-02,1.032137E-02,5.236243E-03,2.372182E-03,1.249219E-03,2.499688E-04,0.000000E+00,0.000000E+00,0.000000E+00,0.000000E+00,0.000000E+00,0.000000E+00,0.000000E+00
-122.18831,37.73020,0.00000,1.000000E+00,1.000000E+00,1.000000E+00,9.999999E-01,9.999994E-01,9.999942E-01,9.999699E-01,9.998424E-01,9.993545E-01,9.979706E-01,9.940128E-01,9.854439E-01,9.690188E-01,9.410830E-01,9.000415E-01,8.466451E-01,7.819160E-01,7.089106E-01,6.260470E-01,5.402167E-01,4.520110E-01,3.616541E-01,2.803570E-01,2.103180E-01,1.472169E-01,9.380431E-02,6.140856E-02,3.632386E-02,1.906590E-02,9.578828E-03,4.116504E-03,2.247471E-03,9.995002E-04,3.749297E-04,1.249922E-04,0.000000E+00,0.000000E+00,0.000000E+00,0.000000E+00,0.000000E+00
-122.18800,37.77517,0.00000,1.000000E+00,1.000000E+00,1.000000E+00,9.999999E-01,9.999993E-01,9.999931E-01,9.999663E-01,9.998297E-01,9.993315E-01,9.979756E-01,9.940501E-01,9.855527E-01,9.689296E-01,9.410682E-01,9.024241E-01,8.490980E-01,7.845173E-01,7.120951E-01,6.320286E-01,5.484188E-01,4.612480E-01,3.754663E-01,2.951357E-01,2.237262E-01,1.613820E-01,1.101924E-01,7.005051E-02,4.543544E-02,2.846210E-02,1.673342E-02,9.331192E-03,4.863136E-03,2.372182E-03,4.998750E-04,1.249922E-04,1.249922E-04,0.000000E+00,0.000000E+00,0.000000E+00,0.000000E+00
-122.18769,37.82014,0.00000,1.000000E+00,1.000000E+00,1.000000E+00,9.999999E-01,9.999992E-01,9.999927E-01,9.999640E-01,9.998230E-01,9.993018E-01,9.979208E-01,9.939843E-01,9.852461E-01,9.690923E-01,9.417202E-01,9.031411E-01,8.496817E-01,7.859402E-01,7.122030E-01,6.286091E-01,5.415367E-01,4.569886E-01,3.728848E-01,2.887633E-01,2.214912E-01,1.605430E-01,1.114150E-01,7.329964E-02,4.448040E-02,2.505576E-02,1.414895E-02,8.092081E-03,3.493882E-03,1.873243E-03,4.998750E-04,1.249922E-04,1.249922E-04,0.000000E+00,0.000000E+00,0.000000E+00,0.000000E+00
-122.18738,37.86510,0.00000,1.000000E+00,1.000000E+00,1.000000E+00,9.999998E-01,9.999989E-01,9.999899E-01,9.999530E-01,9.997791E-01,9.991646E-01,9.975308E-01,9.929457E-01,9.833838E-01,9.663797E-01,9.382014E-01,8.982768E-01,8.446578E-01,7.796692E-01,7.040308E-01,6.199206E-01,5.269244E-01,4.388404E-01,3.547549E-01,2.782850E-01,2.134705E-01,1.542234E-01,1.033817E-01,6.702325E-02,3.836950E-02,2.224876E-02,1.168124E-02,7.223782E-03,3.369311E-03,1.623680E-03,6.248047E-04,3.749297E-04,1.249922E-04,0.000000E+00,0.000000E+00,0.000000E+00,0.000000E+00
-122.18707,37.91007,0.00000,1.000000E+00,1.000000E+00,1.000000E+00,9.999998E-01,9.999987E-01,9.999889E-01,9.999495E-01,9.997654E-01,9.991202E-01,9.974825E-01,9.930508E-01,9.839853E-01,9.667350E-01,9.386938E-01,8.989359E-01,8.442885E-01,7.791728E-01,7.031787E-01,6.145139E-01,5.234821E-01,4.286481E-01,3.415555E-01,2.592744E-01,1.862686E-01,1.300982E-01,8.504006E-02,5.528785E-02,3.367011E-02,1.857531E-02,9.578828E-03,3.742978E-03,1.998001E-03,9.995002E-04,8.746173E-04,1.249922E-04,0.000000E+00,0.000000E+00,0.000000E+00,0.000000E+00,0.000000E+00
-122.18675,37.95503,0.00000,1.000000E+00,1.000000E+00,9.999999E-01,9.999997E-01,9.999985E-01,9.999868E-01,9.999406E-01,9.997256E-01,9.990381E-01,9.972667E-01,9.925562E-01,9.829887E-01,9.654769E-01,9.366845E-01,8.963904E-01,8.427825E-01,7.751058E-01,6.984668E-01,6.121940E-01,5.118463E-01,4.180525E-01,3.286737E-01,2.499572E-01,1.810645E-01,1.186055E-01,7.411014E-02,4.555475E-02,2.615196E-02,1.451857E-02,6.603103E-03,3.493882E-03,1.249219E-03,3.749297E-04,2.499688E-04,1.249922E-04,0.000000E+00,0.000000E+00,0.000000E+00,0.000000E+00,0.000000E+00
-122.18643,38.00000,0.00000,1.000000E+00,1.000000E+00,9.999999E-01,9.999996E-01,9.999980E-01,9.999841E-01,9.999299E-01,9.996882E-01,9.989144E-01,9.968935E-01,9.918623E-01,9.819254E-01,9.636568E-01,9.335048E-01,8.936745E-01,8.409243E-01,7.742890E-01,6.964625E-01,6.081495E-01,5.137950E-01,4.165229E-01,3.228585E-01,2.384314E-01,1.670236E-01,1.123032E-01,7.109611E-02,4.160953E-02,2.273752E-02,1.254564E-02,4.738736E-03,2.621558E-03,1.623680E-03,1.249922E-04,0.000000E+00,0.000000E+00,0.000000E+00,0.000000E+00,0.000000E+00,0.000000E+00,0.000000E+00
-122.13689,37.01075,0.00000,1.000000E+00,1.000000E+00,1.000000E+00,1.000000E+00,1.000000E+00,9.999998E-01,9.999977E-01,9.999777E-01,9.998509E-01,9.992971E-01,9.970059E-01,9.904025E-01,9.736984E-01,9.395915E-01,8.855079E-01,8.083578E-01,7.126703E-01,6.109316E-01,5.124561E-01,4.138913E-01,3.266567E-01,2.488313E-01,1.827008E-01,1.291191E-01,8.641148E-02,5.386972E-02,3.306596E-02,1.845263E-02,9.455018E-03,4.863136E-03,2.621558E-03,9.995002E-04,1.249922E-04,0.000000E+00,0.000000E+00,0.000000E+00,0.000000E+00,0.000000E+00,0.000000E+00,0.000000E+00
-122.13655,37.05571,0.00000,1.000000E+00,1.000000E+00,1.000000E+00,1.000000E+00,1.000000E+00,9.999998E-01,9.999977E-01,9.999780E-01,9.998557E-01,9.993402E-01,9.971880E-01,9.909806E-01,9.752393E-01,9.439213E-01,8.926059E-01,8.179775E-01,7.281147E-01,6.282839E-01,5.267469E-01,4.285053E-01,3.450032E-01,2.681100E-01,1.982833E-01,1.404747E-01,9.697045E-02,6.340095E-02,3.644432E-02,2.053620E-02,1.069243E-02,5.360581E-03,2.372182E-03,1.124367E-03,3.749297E-04,1.249922E-04,0.000000E+00,0.000000E+00,0.000000E+00,0.000000E+00,0.000000E+00,0.000000E+00
-122.13622,37.10068,0.00000,1.000000E+00,1.000000E+00,1.000000E+00,1.000000E+00,1.000000E+00,9.999998E-01,9.999976E-01,9.999775E-01,9.998541E-01,9.993264E-01,9.972122E-01,9.910256E-01,9.761149E-01,9.458434E-01,8.964551E-01,8.242381E-01,7.349601E-01,6.364633E-01,5.383739E-01,4.447712E-01,3.618137E-01,2.878737E-01,2.193474E-01,1.624296E-01,1.152941E-01,7.734510E-02,4.734266E-02,2.639539E-02,1.439538E-02,6.851421E-03,3.120122E-03,1.498876E-03,1.249922E-04,0.000000E+00,0.000000E+00,0.000000E+00,0.000000E+00,0.000000E+00,0.000000E+00,0.000000E+00
-122.13588,37.14565,0.00000,1.000000E+00,1.000000E+00,1.000000E+00,1.000000E+00,1.000000E+00,9.999997E-01,9.999975E-01,9.999766E-01,9.998502E-01,9.993242E-01,9.971637E-01,9.910960E-01,9.763821E-01,9.467163E-01,8.991630E-01,8.297096E-01,7.428897E-01,6.457049E-01,5.479670E-01,4.542668E-01,3.732766E-01,2.975984E-01,2.283699E-01,1.692073E-01,1.210260E-01,8.446804E-02,5.623209E-02,3.306596E-02,1.857531E-02,9.826402E-03,5.857776E-03,2.247471E-03,1.124367E-03,7.497188E-04,3.749297E-04,2.499688E-04,0.000000E+00,0.000000E+00,0.000000E+00,0.000000E+00
-122.13554,37.19061,0.00000,1.000000E+00,1.000000E+00,1.000000E+00,1.000000E+00,1.000000E+00,9.999996E-01,9.999968E-01,9.999720E-01,9.998320E-01,9.992815E-01,9.971566E-01,9.910960E-01,9.763082E-01,9.471739E-01,8.993016E-01,8.301560E-01,7.465275E-01,6.527204E-01,5.571393E-01,4.659415E-01,3.787365E-01,3.078828E-01,2.433655E-01,1.833135E-01,1.380000E-01,9.866204E-02,6.760618E-02,4.280677E-02,2.566491E-02,1.328595E-02,6.230509E-03,2.372182E-03,1.124367E-03,2.499688E-04,2.499688E-04,0.000000E+00,0.000000E+00,0.000000E+00,0.000000E+00,0.000000E+00
-122.13521,37.23558,0.00000,1.000000E+00,1.000000E+00,1.000000E+00,1.000000E+00,1.000000E+00,9.999995E-01,9.999960E-01,9.999677E-01,9.998134E-01,9.992272E-01,9.970350E-01,9.908671E-01,9.769710E-01,9.490609E-01,9.032863E-01,8.357310E-01,7.519810E-01,6.587875E-01,5.649307E-01,4.729053E-01,3.890560E-01,3.196344E-01,2.579770E-01,2.038757E-01,1.571784E-01,1.197066E-01,8.355205E-02,5.788224E-02,3.740739E-02,2.298180E-02,1.279247E-02,6.478921E-03,3.120122E-03,1.623680E-03,7.497188E-04,1.249922E-04,0.000000E+00,0.000000E+00,0.000000E+00,0.000000E+00
-122.13487,37.28054,0.00000,1.000000E+00,1.000000E+00,1.000000E+00,1.000000E+00,9.999999E-01,9.999994E-01,9.999954E-01,9.999638E-01,9.997945E-01,9.991660E-01,9.968422E-01,9.906219E-01,9.762251E-01,9.476079E-01,9.027529E-01,8.370603E-01,7.558872E-01,6.674616E-01,5.708184E-01,4.767783E-01,3.933935E-01,3.237044E-01,2.630609E-01,2.103180E-01,1.689996E-01,1.303157E-01,9.899998E-02,6.935278E-02,4.841380E-02,3.064560E-02,1.832993E-02,1.007392E-02,4.863136E-03,2.621558E-03,1.124367E-03,2.499688E-04,0.000000E+00,0.000000E+00,0.000000E+00,0.000000E+00
-122.13454,37.32551,0.00000,1.000000E+00,1.000000E+00,1.000000E+00,1.000000E+00,9.999999E-01,9.999990E-01,9.999935E-01,9.999541E-01,9.997704E-01,9.991253E-01,9.968434E-01,9.906394E-01,9.764263E-01,9.488248E-01,9.048333E-01,8.411230E-01,7.626572E-01,6.688719E-01,5.771023E-01,4.834070E-01,3.944542E-01,3.253930E-01,2.592744E-01,2.095280E-01,1.679602E-01,1.268300E-01,9.516259E-02,6.445403E-02,4.436095E-02,2.821919E-02,1.661050E-02,7.844074E-03,4.240981E-03,2.122744E-03,7.497188E-04,0.000000E+00,0.000000E+00,0.000000E+00,0.000000E+00,0.000000E+00
-122.13419,37.37048,0.00000,1.000000E+00,1.000000E+00,1.000000E+00,1.000000E+00,9.999999E-01,9.999988E-01,9.999919E-01,9.999433E-01,9.997245E-01,9.989748E-01,9.964360E-01,9.898839E-01,9.752827E-01,9.471673E-01,9.032984E-01,8.417770E-01,7.622415E-01,6.752258E-01,5.811008E-01,4.855979E-01,3.989788E-01,3.205693E-01,2.536048E-01,1.978824E-01,1.493462E-01,1.087453E-01,7.434159E-02,4.924607E-02,3.113016E-02,1.931110E-02,1.093972E-02,4.365444E-03,1.498876E-03,4.998750E-04,1.249922E-04,0.000000E+00,0.000000E+00,0.000000E+00,0.000000E+00,0.000000E+00
-122.13386,37.41544,0.00000,1.000000E+00,1.000000E+00,1.000000E+00,1.000000E+00,9.999999E-01,9.999987E-01,9.999918E-01,9.999447E-01,9.997341E-01,9.990051E-01,9.965937E-01,9.904885E-01,9.766842E-01,9.507822E-01,9.087475E-01,8.488526E-01,7.756112E-01,6.912582E-01,5.952558E-01,5.007384E-01,4.077788E-01,3.238734E-01,2.482677E-01,1.855563E-01,1.330292E-01,9.028599E-02,5.929435E-02,3.704635E-02,2.053620E-02,1.044507E-02,4.365444E-03,1.998001E-03,6.248047E-04,1.249922E-04,0.000000E+00,0.000000E+00,0.000000E+00,0.000000E+00,0.000000E+00,0.000000E+00
-122.13351,37.46041,0.00000,1.000000E+00,1.000000E+00,1.000000E+00,1.000000E+00,9.999999E-01,9.999983E-01,9.999895E-01,9.999322E-01,9.996898E-01,9.988822E-01,9.963201E-01,9.897630E-01,9.759622E-01,9.490036E-01,9.080375E-01,8.505061E-01,7.784817E-01,6.933736E-01,6.023269E-01,5.081099E-01,4.149161E-01,3.207391E-01,2.427978E-01,1.732476E-01,1.140768E-01,7.167649E-02,4.459983E-02,2.566491E-02,1.180477E-02,5.982036E-03,2.995505E-03,9.995002E-04,4.998750E-04,1.249922E-04,1.249922E-04,0.000000E+00,0.000000E+00,0.000000E+00,0.000000E+00,0.000000E+00
-122.13317,37.50537,0.00000,1.000000E+00,1.000000E+00,1.000000E+00,1.000000E+00,9.999999E-01,9.999980E-01,9.999880E-01,9.999246E-01,9.996532E-01,9.987708E-01,9.959199E-01,9.888965E-01,9.743990E-01,9.483299E-01,9.081525E-01,8.527687E-01,7.837349E-01,7.045114E-01,6.152359E-01,5.191741E-01,4.226895E-01,3.305173E-01,2.437437E-01,1.723170E-01,1.107483E-01,6.713986E-02,3.873005E-02,2.078103E-02,1.044507E-02,3.992011E-03,1.623680E-03,7.497188E-04,3.749297E-04,1.249922E-04,0.000000E+00,0.000000E+00,0.000000E+00,0.000000E+00,0.000000E+00,0.000000E+00
-122.13284,37.55034,0.00000,1.000000E+00,1.000000E+00,1.000000E+00,1.000000E+00,9.999998E-01,9.999976E-01,9.999858E-01,9.999123E-01,9.996050E-01,9.986423E-01,9.956174E-01,9.884709E-01,9.737214E-01,9.468958E-01,9.064725E-01,8.517529E-01,7.833019E-01,7.063158E-01,6.195403E-01,5.252657E-01,4.341917E-01,3.413085E-01,2.539779E-01,1.770625E-01,1.167306E-01,7.190854E-02,4.196886E-02,1.967879E-02,8.835734E-03,3.992011E-03,1.249219E-03,3.749297E-04,1.249922E-04,1.249922E-04,1.249922E-04,1.249922E-04,0.000000E+00,0.000000E+00,0.000000E+00,0.000000E+00
-122.13249,37.59531,0.00000,1.000000E+00,1.000000E+00,1.000000E+00,9.999999E-01,9.999998E-01,9.999972E-01,9.999841E-01,9.999055E-01,9.995813E-01,9.985853E-01,9.955496E-01,9.883506E-01,9.733942E-01,9.471475E-01,9.077613E-01,8.543793E-01,7.899165E-01,7.170542E-01,6.374617E-01,5.499966E-01,4.570565E-01,3.635663E-01,2.770209E-01,1.977821E-01,1.283567E-01,7.699904E-02,4.172933E-02,2.078103E-02,8.587912E-03,3.992011E-03,1.873243E-03,6.248047E-04,2.499688E-04,0.000000E+00,0.000000E+00,0.000000E+00,0.000000E+00,0.000000E+00,0.000000E+00,0.000000E+00
-122.13215,37.64027,0.00000,1.000000E+00,1.000000E+00,1.000000E+00,9.999999E-01,9.999997E-01,9.999963E-01,9.999796E-01,9.998891E-01,9.995227E-01,9.984326E-01,9.951777E-01,9.875059E-01,9.722807E-01,9.456535E-01,9.059802E-01,8.534297E-01,7.884407E-01,7.181133E-01,6.410241E-01,5.569178E-01,4.690700E-01,3.822985E-01,2.970714E-01,2.173933E-01,1.497714E-01,9.504947E-02,5.811774E-02,3.234049E-02,1.808448E-02,8.711830E-03,3.992011E-03,1.748470E-03,6.248047E-04,0.000000E+00,0.000000E+00,0.000000E+00,0.000000E+00,0.000000E+00,0.000000E+00,0.000000E+00
-122.13181,37.68524,0.00000,1.000000E+00,1.000000E+00,1.000000E+00,9.999999E-01,9.999996E-01,9.999958E-01,9.999777E-01,9.998766E-01,9.994802E-01,9.983155E-01,9.949127E-01,9.874040E-01,9.720964E-01,9.450249E-01,9.075419E-01,8.558463E-01,7.923445E-01,7.180428E-01,6.383669E-01,5.575266E-01,4.747469E-01,3.894377E-01,3.131402E-01,2.368113E-01,1.694150E-01,1.162888E-01,7.445729E-02,4.304604E-02,2.395833E-02,1.242220E-02,5.360581E-03,2.122744E-03,6.248047E-04,3.749297E-04,1.249922E-04,0.000000E+00,0.000000E+00,0.000000E+00,0.000000E+00,0.000000E+00
-122.13145,37.73020,0.00000,1.000000E+00,1.000000E+00,1.000000E+00,9.999999E-01,9.999995E-01,9.999948E-01,9.999731E-01,9.998562E-01,9.994212E-01,9.981637E-01,9.944593E-01,9.863412E-01,9.707938E-01,9.444793E-01,9.065076E-01,8.549425E-01,7.910426E-01,7.201146E-01,6.403953E-01,5.566408E-01,4.711233E-01,3.851488E-01,3.049351E-01,2.355701E-01,1.717995E-01,1.234399E-01,8.114321E-02,5.007762E-02,2.688207E-02,1.525741E-02,6.851421E-03,3.493882E-03,1.498876E-03,3.749297E-04,3.749297E-04,1.249922E-04,1.249922E-04,0.000000E+00,0.000000E+00,0.000000E+00
-122.13111,37.77517,0.00000,1.000000E+00,1.000000E+00,1.000000E+00,9.999999E-01,9.999994E-01,9.999942E-01,9.999709E-01,9.998478E-01,9.993855E-01,9.980893E-01,9.942676E-01,9.859797E-01,9.702782E-01,9.438301E-01,9.060977E-01,8.557922E-01,7.937930E-01,7.226569E-01,6.421441E-01,5.590175E-01,4.737611E-01,3.944542E-01,3.151120E-01,2.445941E-01,1.788094E-01,1.239876E-01,8.206160E-02,5.161999E-02,2.894775E-02,1.661050E-02,9.331192E-03,4.116504E-03,2.122744E-03,7.497188E-04,1.249922E-04,1.249922E-04,1.249922E-04,0.000000E+00,0.000000E+00,0.000000E+00
-122.13077,37.82014,0.00000,1.000000E+00,1.000000E+00,1.000000E+00,9.999999E-01,9.999993E-01,9.999931E-01,9.999661E-01,9.998281E-01,9.993200E-01,9.979218E-01,9.939677E-01,9.854749E-01,9.696171E-01,9.431094E-01,9.052842E-01,8.542700E-01,7.897589E-01,7.198696E-01,6.416069E-01,5.622030E-01,4.733663E-01,3.883683E-01,3.097835E-01,2.363342E-01,1.714889E-01,1.168410E-01,7.964885E-02,4.972133E-02,2.894775E-02,1.550356E-02,7.099677E-03,3.618438E-03,1.748470E-03,8.746173E-04,2.499688E-04,0.000000E+00,0.000000E+00,0.000000E+00,0.000000E+00,0.000000E+00
-122.13042,37.86510,0.00000,1.000000E+00,1.000000E+00,1.000000E+00,9.999998E-01,9.999990E-01,9.999911E-01,9.999579E-01,9.997950E-01,9.992252E-01,9.976954E-01,9.934399E-01,9.845690E-01,9.682305E-01,9.406691E-01,9.023753E-01,8.503566E-01,7.869014E-01,7.118791E-01,6.277260E-01,5.433098E-01,4.497458E-01,3.598962E-01,2.766593E-01,2.037762E-01,1.411191E-01,9.391758E-02,5.693965E-02,3.040323E-02,1.747059E-02,8.711830E-03,4.489890E-03,1.998001E-03,7.497188E-04,2.499688E-04,1.249922E-04,0.000000E+00,0.000000E+00,0.000000E+00,0.000000E+00,0.000000E+00
-122.13007,37.91007,0.00000,1.000000E+00,1.000000E+00,1.000000E+00,9.999998E-01,9.999990E-01,9.999914E-01,9.999589E-01,9.998035E-01,9.992583E-01,9.977922E-01,9.937074E-01,9.853509E-01,9.691964E-01,9.427456E-01,9.055443E-01,8.542883E-01,7.910165E-01,7.158492E-01,6.301379E-01,5.386623E-01,4.465728E-01,3.519258E-01,2.642574E-01,1.908330E-01,1.286835E-01,7.884319E-02,4.686621E-02,2.432428E-02,1.439538E-02,7.223782E-03,3.867502E-03,1.124367E-03,3.749297E-04,0.000000E+00,0.000000E+00,0.000000E+00,0.000000E+00,0.000000E+00,0.000000E+00,0.000000E+00
-122.12972,37.95503,0.00000,1.000000E+00,1.000000E+00,1.000000E+00,9.999998E-01,9.999987E-01,9.999889E-01,9.999485E-01,9.997568E-01,9.991176E-01,9.973853E-01,9.927897E-01,9.834811E-01,9.665223E-01,9.388087E-01,9.001039E-01,8.474290E-01,7.817251E-01,7.089106E-01,6.210117E-01,5.273972E-01,4.307867E-01,3.387511E-01,2.487374E-01,1.730409E-01,1.147410E-01,7.283618E-02,4.196886E-02,2.322602E-02,1.032137E-02,4.863136E-03,2.122744E-03,1.124367E-03,2.499688E-04,0.000000E+00,0.000000E+00,0.000000E+00,0.000000E+00,0.000000E+00,0.000000E+00,0.000000E+00
-122.12937,38.00000,0.00000,1.000000E+00,1.000000E+00,9.999999E-01,9.999997E-01,9.999984E-01,9.999864E-01,9.999391E-01,9.997196E-01,9.989868E-01,9.970564E-01,9.921550E-01,9.822412E-01,9.641442E-01,9.360082E-01,8.955712E-01,8.421918E-01,7.759195E-01,6.969932E-01,6.070213E-01,5.120903E-01,4.144039E-01,3.250556E-01,2.443107E-01,1.702452E-01,1.135229E-01,7.167649E-02,4.280677E-02,2.261535E-02,1.143413E-02,5.360581E-03,1.748470E-03,4.998750E-04,0.000000E+00,0.000000E+00,0.000000E+00,0.000000E+00,0.000000E+00,0.000000E+00,0.000000E+00,0.000000E+00
-122.08057,37.01075,0.00000,1.000000E+00,1.000000E+00,1.000000E+00,1.000000E+00,1.000000E+00,9.999999E-01,9.999987E-01,9.999866E-01,9.999054E-01,9.995344E-01,9.978967E-01,9.928704E-01,9.797100E-01,9.513571E-01,9.043682E-01,8.337479E-01,7.434034E-01,6.439289E-01,5.387200E-01,4.405913E-01,3.491656E-01,2.657275E-01,1.912375E-01,1.373533E-01,9.187660E-02,5.729323E-02,3.511852E-02,1.955625E-02,8.216063E-03,3.742978E-03,1.748470E-03,3.749297E-04,2.499688E-04,1.249922E-04,0.000000E+00,0.000000E+00,0.000000E+00,0.000000E+00,0.000000E+00,0.000000E+00
-122.08021,37.05571,0.00000,1.000000E+00,1.000000E+00,1.000000E+00,1.000000E+00,1.000000E+00,9.999999E-01,9.999987E-01,9.999866E-01,9.999065E-01,9.995442E-01,9.979890E-01,9.931935E-01,9.806004E-01,9.535905E-01,9.087019E-01,8.420734E-01,7.569529E-01,6.568199E-01,5.568624E-01,4.605742E-01,3.760125E-01,2.956642E-01,2.256645E-01,1.645209E-01,1.171721E-01,7.572903E-02,4.746174E-02,2.639539E-02,1.501119E-02,6.975557E-03,2.870871E-03,9.995002E-04,2.499688E-04,1.249922E-04,0.000000E+00,0.000000E+00,0.000000E+00,0.000000E+00,0.000000E+00,0.000000E+00
-122.07984,37.10068,0.00000,1.000000E+00,1.000000E+00,1.000000E+00,1.000000E+00,1.000000E+00,9.999998E-01,9.999985E-01,9.999846E-01,9.998958E-01,9.995049E-01,9.978411E-01,9.927145E-01,9.797859E-01,9.526055E-01,9.074494E-01,8.407850E-01,7.578929E-01,6.619714E-01,5.608876E-01,4.681400E-01,3.876033E-01,3.149408E-01,2.497697E-01,1.874883E-01,1.407969E-01,1.012497E-01,6.643996E-02,4.125007E-02,2.383632E-02,1.377919E-02,6.354723E-03,2.995505E-03,1.374055E-03,2.499688E-04,0.000000E+00,0.000000E+00,0.000000E+00,0.000000E+00,0.000000E+00,0.000000E+00
-122.07947,37.14565,0.00000,1.000000E+00,1.000000E+00,1.000000E+00,1.000000E+00,1.000000E+00,9.999998E-01,9.999984E-01,9.999838E-01,9.998931E-01,9.994962E-01,9.978356E-01,9.929546E-01,9.810201E-01,9.552650E-01,9.125007E-01,8.490603E-01,7.687775E-01,6.758341E-01,5.761497E-01,4.858550E-01,4.032458E-01,3.311029E-01,2.666447E-01,2.141584E-01,1.619060E-01,1.210260E-01,8.538311E-02,5.587811E-02,3.704635E-02,2.224876E-02,1.316261E-02,6.603103E-03,2.746222E-03,6.248047E-04,2.499688E-04,1.249922E-04,0.000000E+00,0.000000E+00,0.000000E+00,0.000000E+00
-122.07910,37.19061,0.00000,1.000000E+00,1.000000E+00,1.000000E+00,1.000000E+00,1.000000E+00,9.999998E-01,9.999983E-01,9.999834E-01,9.998926E-01,9.995149E-01,9.979303E-01,9.932578E-01,9.814238E-01,9.564186E-01,9.147677E-01,8.520861E-01,7.731577E-01,6.822134E-01,5.878014E-01,4.966653E-01,4.084446E-01,3.367644E-01,2.747581E-01,2.182732E-01,1.713853E-01,1.271574E-01,9.164953E-02,6.562274E-02,4.292642E-02,2.651708E-02,1.316261E-02,7.099677E-03,3.120122E-03,1.374055E-03,4.998750E-04,3.749297E-04,1.249922E-04,0.000000E+00,0.000000E+00,0.000000E+00
-122.07873,37.23558,0.00000,1.000000E+00,1.000000E+00,1.000000E+00,1.000000E+00,1.000000E+00,9.999998E-01,9.999977E-01,9.999788E-01,9.998683E-01,9.994193E-01,9.976574E-01,9.926826E-01,9.804836E-01,9.555826E-01,9.143084E-01,8.538870E-01,7.767024E-01,6.867489E-01,5.904720E-01,4.975454E-01,4.068156E-01,3.361838E-01,2.719423E-01,2.182732E-01,1.735575E-01,1.353020E-01,1.025968E-01,7.353128E-02,5.067113E-02,3.318682E-02,1.820721E-02,8.092081E-03,3.618438E-03,1.623680E-03,1.124367E-03,4.998750E-04,0.000000E+00,0.000000E+00,0.000000E+00,0.000000E+00
-122.07836,37.28054,0.00000,1.000000E+00,1.000000E+00,1.000000E+00,1.000000E+00,1.000000E+00,9.999996E-01,9.999968E-01,9.999737E-01,9.998492E-01,9.993446E-01,9.974913E-01,9.923553E-01,9.802035E-01,9.554269E-01,9.143940E-01,8.556479E-01,7.785924E-01,6.932968E-01,5.974758E-01,5.034147E-01,4.147698E-01,3.337731E-01,2.682929E-01,2.123882E-01,1.663987E-01,1.251913E-01,9.403083E-02,6.678998E-02,4.459983E-02,2.639539E-02,1.648757E-02,9.826402E-03,5.982036E-03,3.120122E-03,1.374055E-03,2.499688E-04,1.249922E-04,0.000000E+00,0.000000E+00,0.000000E+00
-122.07799,37.32551,0.00000,1.000000E+00,1.000000E+00,1.000000E+00,1.000000E+00,1.000000E+00,9.999995E-01,9.999962E-01,9.999707E-01,9.998364E-01,9.993252E-01,9.974553E-01,9.923228E-01,9.802406E-01,9.559366E-01,9.170797E-01,8.590359E-01,7.840860E-01,6.984290E-01,6.057421E-01,5.098898E-01,4.169603E-01,3.350211E-01,2.623236E-01,2.008847E-01,1.515762E-01,1.103036E-01,7.838250E-02,5.090844E-02,2.991831E-02,1.661050E-02,8.463977E-03,4.987521E-03,2.122744E-03,9.995002E-04,2.499688E-04,1.249922E-04,0.000000E+00,0.000000E+00,0.000000E+00,0.000000E+00
-122.07761,37.37048,0.00000,1.000000E+00,1.000000E+00,1.000000E+00,1.000000E+00,9.999999E-01,9.999993E-01,9.999948E-01,9.999615E-01,9.997973E-01,9.992253E-01,9.971334E-01,9.916155E-01,9.792483E-01,9.549170E-01,9.165702E-01,8.623959E-01,7.923705E-01,7.095286E-01,6.188263E-01,5.218711E-01,4.244907E-01,3.340229E-01,2.535115E-01,1.877930E-01,1.344369E-01,8.926198E-02,5.646800E-02,3.379089E-02,2.041376E-02,8.959621E-03,5.236243E-03,2.746222E-03,1.374055E-03,1.249922E-04,0.000000E+00,0.000000E+00,0.000000E+00,0.000000E+00,0.000000E+00,0.000000E+00
-122.07724,37.41544,0.00000,1.000000E+00,1.000000E+00,1.000000E+00,1.000000E+00,9.999999E-01,9.999990E-01,9.999933E-01,9.999540E-01,9.997720E-01,9.991413E-01,9.969340E-01,9.912318E-01,9.785815E-01,9.544753E-01,9.166119E-01,8.615506E-01,7.916425E-01,7.103987E-01,6.177288E-01,5.198348E-01,4.244907E-01,3.331065E-01,2.446885E-01,1.740739E-01,1.148516E-01,7.039917E-02,3.836950E-02,1.906590E-02,8.587912E-03,5.733500E-03,2.247471E-03,7.497188E-04,2.499688E-04,0.000000E+00,0.000000E+00,0.000000E+00,0.000000E+00,0.000000E+00,0.000000E+00,0.000000E+00
-122.07687,37.46041,0.00000,1.000000E+00,1.000000E+00,1.000000E+00,1.000000E+00,9.999999E-01,9.999987E-01,9.999917E-01,9.999441E-01,9.997277E-01,9.990039E-01,9.966398E-01,9.906722E-01,9.778740E-01,9.537468E-01,9.157423E-01,8.614120E-01,7.930701E-01,7.136026E-01,6.254387E-01,5.321581E-01,4.387001E-01,3.425424E-01,2.501447E-01,1.715924E-01,1.155152E-01,7.167649E-02,3.788857E-02,2.029130E-02,9.331192E-03,3.867502E-03,1.498876E-03,3.749297E-04,1.249922E-04,0.000000E+00,0.000000E+00,0.000000E+00,0.000000E+00,0.000000E+00,0.000000E+00,0.000000E+00
-122.07649,37.50537,0.00000,1.000000E+00,1.000000E+00,1.000000E+00,1.000000E+00,9.999999E-01,9.999985E-01,9.999906E-01,9.999406E-01,9.997128E-01,9.989522E-01,9.965035E-01,9.903290E-01,9.770486E-01,9.521591E-01,9.163823E-01,8.641053E-01,8.000374E-01,7.250387E-01,6.389540E-01,5.495463E-01,4.537207E-01,3.595761E-01,2.708494E-01,1.870820E-01,1.201466E-01,7.295206E-02,4.148973E-02,2.249317E-02,1.019765E-02,4.863136E-03,1.873243E-03,1.124367E-03,2.499688E-04,2.499688E-04,0.000000E+00,0.000000E+00,0.000000E+00,0.000000E+00,0.000000E+00,0.000000E+00
-122.07612,37.55034,0.00000,1.000000E+00,1.000000E+00,1.000000E+00,1.000000E+00,9.999999E-01,9.999982E-01,9.999888E-01,9.999298E-01,9.996759E-01,9.988572E-01,9.962062E-01,9.897745E-01,9.758628E-01,9.507145E-01,9.143726E-01,8.634071E-01,8.003122E-01,7.276725E-01,6.479123E-01,5.619293E-01,4.727076E-01,3.814486E-01,2.888522E-01,2.063597E-01,1.351939E-01,8.401015E-02,4.603186E-02,2.408033E-02,1.155769E-02,5.857776E-03,2.870871E-03,1.249219E-03,4.998750E-04,1.249922E-04,0.000000E+00,0.000000E+00,0.000000E+00,0.000000E+00,0.000000E+00,0.000000E+00
-122.07574,37.59531,0.00000,1.000000E+00,1.000000E+00,1.000000E+00,1.000000E+00,9.999998E-01,9.999977E-01,9.999863E-01,9.999178E-01,9.996328E-01,9.987351E-01,9.958897E-01,9.892018E-01,9.751588E-01,9.508867E-01,9.135769E-01,8.643259E-01,8.002373E-01,7.298087E-01,6.538039E-01,5.744509E-01,4.888029E-01,4.029474E-01,3.177608E-01,2.398580E-01,1.701414E-01,1.129687E-01,7.016674E-02,3.752771E-02,2.139286E-02,1.143413E-02,5.360581E-03,1.498876E-03,4.998750E-04,1.249922E-04,1.249922E-04,0.000000E+00,0.000000E+00,0.000000E+00,0.000000E+00,0.000000E+00
-122.07536,37.64027,0.00000,1.000000E+00,1.000000E+00,1.000000E+00,9.999999E-01,9.999998E-01,9.999971E-01,9.999837E-01,9.999054E-01,9.995829E-01,9.986055E-01,9.955596E-01,9.883477E-01,9.735467E-01,9.482200E-01,9.109226E-01,8.595459E-01,7.976487E-01,7.310554E-01,6.551859E-01,5.783691E-01,5.009879E-01,4.181979E-01,3.410614E-01,2.656357E-01,1.952712E-01,1.342205E-01,8.561174E-02,5.268632E-02,3.125126E-02,1.624166E-02,8.092081E-03,3.369311E-03,1.374055E-03,2.499688E-04,2.499688E-04,0.000000E+00,0.000000E+00,0.000000E+00,0.000000E+00,0.000000E+00
-122.07498,37.68524,0.00000,1.000000E+00,1.000000E+00,1.000000E+00,9.999999E-01,9.999997E-01,9.999964E-01,9.999803E-01,9.998908E-01,9.995385E-01,9.984941E-01,9.953102E-01,9.879703E-01,9.735963E-01,9.482652E-01,9.116656E-01,8.616716E-01,8.028913E-01,7.335983E-01,6.574628E-01,5.794744E-01,4.979221E-01,4.168874E-01,3.384204E-01,2.607543E-01,1.945668E-01,1.367060E-01,9.051339E-02,5.717539E-02,3.246144E-02,1.783897E-02,8.340027E-03,3.742978E-03,1.498876E-03,3.749297E-04,1.249922E-04,1.249922E-04,0.000000E+00,0.000000E+00,0.000000E+00,0.000000E+00
-122.07460,37.73020,0.00000,1.000000E+00,1.000000E+00,1.000000E+00,9.999999E-01,9.999996E-01,9.999961E-01,9.999789E-01,9.998811E-01,9.995036E-01,9.983736E-01,9.949984E-01,9.877442E-01,9.732441E-01,9.475161E-01,9.118640E-01,8.631849E-01,8.035554E-01,7.340641E-01,6.594267E-01,5.818332E-01,4.994261E-01,4.160121E-01,3.382550E-01,2.641655E-01,1.927525E-01,1.343287E-01,8.926198E-02,5.505164E-02,3.137235E-02,1.574966E-02,8.463977E-03,4.240981E-03,1.623680E-03,2.499688E-04,0.000000E+00,0.000000E+00,0.000000E+00,0.000000E+00,0.000000E+00,0.000000E+00
-122.07423,37.77517,0.00000,1.000000E+00,1.000000E+00,1.000000E+00,9.999999E-01,9.999995E-01,9.999954E-01,9.999755E-01,9.998686E-01,9.994646E-01,9.983085E-01,9.949526E-01,9.876148E-01,9.731771E-01,9.479994E-01,9.110117E-01,8.621722E-01,8.020518E-01,7.315592E-01,6.571201E-01,5.751419E-01,4.900155E-01,4.040658E-01,3.220115E-01,2.497697E-01,1.832114E-01,1.256286E-01,8.240577E-02,4.912722E-02,2.797621E-02,1.451857E-02,6.354723E-03,2.496878E-03,7.497188E-04,2.499688E-04,0.000000E+00,0.000000E+00,0.000000E+00,0.000000E+00,0.000000E+00,0.000000E+00
-122.07384,37.82014,0.00000,1.000000E+00,1.000000E+00,1.000000E+00,9.999999E-01,9.999994E-01,9.999943E-01,9.999712E-01,9.998494E-01,9.993962E-01,9.981066E-01,9.944391E-01,9.864839E-01,9.710844E-01,9.458027E-01,9.094406E-01,8.591064E-01,7.981287E-01,7.282846E-01,6.521556E-01,5.681276E-01,4.778237E-01,3.895904E-01,3.018875E-01,2.253740E-01,1.637896E-01,1.119702E-01,7.237247E-02,4.519677E-02,2.603022E-02,1.427217E-02,7.223782E-03,2.496878E-03,1.374055E-03,6.248047E-04,0.000000E+00,0.000000E+00,0.000000E+00,0.000000E+00,0.000000E+00,0.000000E+00
-122.07346,37.86510,0.00000,1.000000E+00,1.000000E+00,1.000000E+00,9.999999E-01,9.999993E-01,9.999933E-01,9.999672E-01,9.998332E-01,9.993414E-01,9.979777E-01,9.941642E-01,9.860880E-01,9.707536E-01,9.449630E-01,9.075651E-01,8.569770E-01,7.959214E-01,7.262390E-01,6.420994E-01,5.468355E-01,4.588182E-01,3.700564E-01,2.923106E-01,2.157285E-01,1.497714E-01,1.005754E-01,6.176047E-02,3.716671E-02,1.980133E-02,1.032137E-02,4.240981E-03,1.748470E-03,9.995002E-04,4.998750E-04,0.000000E+00,0.000000E+00,0.000000E+00,0.000000E+00,0.000000E+00,0.000000E+00
-122.07307,37.91007,0.00000,1.000000E+00,1.000000E+00,1.000000E+00,9.999999E-01,9.999992E-01,9.999923E-01,9.999633E-01,9.998205E-01,9.993156E-01,9.978413E-01,9.937778E-01,9.852517E-01,9.688791E-01,9.422712E-01,9.051302E-01,8.551056E-01,7.912254E-01,7.174783E-01,6.315683E-01,5.413647E-01,4.444935E-01,3.517637E-01,2.653602E-01,1.886048E-01,1.282477E-01,8.229106E-02,4.972133E-02,3.028203E-02,1.661050E-02,8.711830E-03,4.240981E-03,2.496878E-03,9.995002E-04,1.249922E-04,0.000000E+00,0.000000E+00,0.000000E+00,0.000000E+00,0.000000E+00,0.000000E+00
-122.07269,37.95503,0.00000,1.000000E+00,1.000000E+00,1.000000E+00,9.999998E-01,9.999988E-01,9.999897E-01,9.999534E-01,9.997718E-01,9.991533E-01,9.975070E-01,9.930534E-01,9.838183E-01,9.669629E-01,9.393342E-01,9.014311E-01,8.487014E-01,7.828952E-01,7.044375E-01,6.177288E-01,5.240774E-01,4.254970E-01,3.323559E-01,2.500509E-01,1.799377E-01,1.211359E-01,7.619106E-02,4.531611E-02,2.554311E-02,1.451857E-02,6.851421E-03,3.493882E-03,1.498876E-03,2.499688E-04,0.000000E+00,0.000000E+00,0.000000E+00,0.000000E+00,0.000000E+00,0.000000E+00,0.000000E+00
-122.07231,38.00000,0.00000,1.000000E+00,1.000000E+00,1.000000E+00,9.999998E-01,9.999987E-01,9.999886E-01,9.999479E-01,9.997545E-01,9.991120E-01,9.974198E-01,9.928766E-01,9.833171E-01,9.662365E-01,9.371576E-01,8.969329E-01,8.407452E-01,7.735826E-01,6.934119E-01,6.041124E-01,5.084787E-01,4.097004E-01,3.203994E-01,2.411871E-01,1.737641E-01,1.150729E-01,7.515119E-02,4.507741E-02,2.603022E-02,1.340928E-02,5.857776E-03,2.746222E-03,9.995002E-04,4.998750E-04,0.000000E+00,0.000000E+00,0.000000E+00,0.000000E+00,0.000000E+00,0.000000E+00,0.000000E+00
-122.02426,37.01075,0.00000,1.000000E+00,1.000000E+00,1.000000E+00,1.000000E+00,1.000000E+00,9.999999E-01,9.999993E-01,9.999919E-01,9.999381E-01,9.996797E-01,9.984871E-01,9.945363E-01,9.840453E-01,9.603236E-01,9.176169E-01,8.538139E-01,7.705052E-01,6.761581E-01,5.714616E-01,4.676079E-01,3.742160E-01,2.913369E-01,2.202251E-01,1.583365E-01,1.119702E-01,7.109611E-02,4.662790E-02,2.554311E-02,1.328595E-02,6.851421E-03,2.621558E-03,1.124367E-03,3.749297E-04,2.499688E-04,0.000000E+00,0.000000E+00,0.000000E+00,0.000000E+00,0.000000E+00,0.000000E+00
-122.02386,37.05571,0.00000,1.000000E+00,1.000000E+00,1.000000E+00,1.000000E+00,1.000000E+00,9.999999E-01,9.999992E-01,9.999915E-01,9.999366E-01,9.996726E-01,9.984932E-01,9.946984E-01,9.846785E-01,9.619746E-01,9.226856E-01,8.612213E-01,7.800269E-01,6.895555E-01,5.889848E-01,4.965395E-01,4.091836E-01,3.261515E-01,2.549098E-01,1.912375E-01,1.404747E-01,9.776025E-02,6.492169E-02,3.788857E-02,2.188204E-02,1.229874E-02,5.733500E-03,3.120122E-03,1.249219E-03,6.248047E-04,2.499688E-04,1.249922E-04,0.000000E+00,0.000000E+00,0.000000E+00,0.000000E+00
-122.02346,37.10068,0.00000,1.000000E+00,1.000000E+00,1.000000E+00,1.000000E+00,1.000000E+00,9.999999E-01,9.999992E-01,9.999914E-01,9.999354E-01,9.996780E-01,9.985386E-01,9.948660E-01,9.852277E-01,9.635841E-01,9.255126E-01,8.639693E-01,7.858867E-01,6.960828E-01,5.974758E-01,5.084172E-01,4.270031E-01,3.527353E-01,2.876956E-01,2.278875E-01,1.774738E-01,1.318363E-01,9.493634E-02,6.410314E-02,4.196886E-02,2.420231E-02,1.316261E-02,6.851421E-03,2.995505E-03,1.249219E-03,3.749297E-04,1.249922E-04,0.000000E+00,0.000000E+00,0.000000E+00,0.000000E+00
-122.02306,37.14565,0.00000,1.000000E+00,1.000000E+00,1.000000E+00,1.000000E+00,1.000000E+00,9.999999E-01,9.999989E-01,9.999886E-01,9.999193E-01,9.995998E-01,9.982515E-01,9.941955E-01,9.835861E-01,9.607233E-01,9.224242E-01,8.644785E-01,7.881496E-01,6.984290E-01,6.045576E-01,5.097060E-01,4.262864E-01,3.555609E-01,2.964561E-01,2.470451E-01,1.942647E-01,1.529538E-01,1.146303E-01,8.194686E-02,5.576009E-02,3.427387E-02,1.943368E-02,9.331192E-03,3.742978E-03,1.623680E-03,9.995002E-04,3.749297E-04,1.249922E-04,1.249922E-04,0.000000E+00,0.000000E+00
-122.02265,37.19061,0.00000,1.000000E+00,1.000000E+00,1.000000E+00,1.000000E+00,1.000000E+00,9.999999E-01,9.999987E-01,9.999873E-01,9.999129E-01,9.995853E-01,9.981989E-01,9.940575E-01,9.834170E-01,9.605955E-01,9.231001E-01,8.670125E-01,7.897063E-01,7.027703E-01,6.095674E-01,5.196547E-01,4.384896E-01,3.626906E-01,2.970714E-01,2.389072E-01,1.914397E-01,1.496651E-01,1.139660E-01,7.757573E-02,5.173853E-02,3.125126E-02,1.845263E-02,1.032137E-02,5.360581E-03,1.498876E-03,4.998750E-04,2.499688E-04,0.000000E+00,0.000000E+00,0.000000E+00,0.000000E+00
-122.02225,37.23558,0.00000,1.000000E+00,1.000000E+00,1.000000E+00,1.000000E+00,1.000000E+00,9.999998E-01,9.999986E-01,9.999859E-01,9.999068E-01,9.995623E-01,9.981443E-01,9.940128E-01,9.837758E-01,9.624751E-01,9.257542E-01,8.709912E-01,7.982548E-01,7.114105E-01,6.175376E-01,5.227668E-01,4.334840E-01,3.549968E-01,2.886744E-01,2.285628E-01,1.796301E-01,1.334626E-01,9.843668E-02,7.016674E-02,4.579334E-02,2.761163E-02,1.513431E-02,7.968085E-03,3.867502E-03,9.995002E-04,3.749297E-04,0.000000E+00,0.000000E+00,0.000000E+00,0.000000E+00,0.000000E+00
-122.02184,37.28054,0.00000,1.000000E+00,1.000000E+00,1.000000E+00,1.000000E+00,1.000000E+00,9.999998E-01,9.999981E-01,9.999824E-01,9.998883E-01,9.994929E-01,9.979581E-01,9.935505E-01,9.828884E-01,9.608312E-01,9.243963E-01,8.695806E-01,7.986076E-01,7.153870E-01,6.230433E-01,5.274563E-01,4.371544E-01,3.496535E-01,2.733970E-01,2.057643E-01,1.512580E-01,1.081881E-01,7.445729E-02,4.853274E-02,2.809771E-02,1.611868E-02,8.959621E-03,4.614321E-03,1.998001E-03,9.995002E-04,4.998750E-04,3.749297E-04,0.000000E+00,0.000000E+00,0.000000E+00,0.000000E+00
-122.02144,37.32551,0.00000,1.000000E+00,1.000000E+00,1.000000E+00,1.000000E+00,1.000000E+00,9.999996E-01,9.999973E-01,9.999769E-01,9.998658E-01,9.994219E-01,9.978084E-01,9.932435E-01,9.822390E-01,9.604771E-01,9.243301E-01,8.715544E-01,8.030883E-01,7.217541E-01,6.306922E-01,5.305765E-01,4.338380E-01,3.440200E-01,2.621391E-01,1.883004E-01,1.308591E-01,8.686815E-02,5.540593E-02,3.379089E-02,1.808448E-02,8.587912E-03,3.244724E-03,9.995002E-04,4.998750E-04,3.749297E-04,1.249922E-04,1.249922E-04,0.000000E+00,0.000000E+00,0.000000E+00,0.000000E+00
-122.02103,37.37048,0.00000,1.000000E+00,1.000000E+00,1.000000E+00,1.000000E+00,9.999999E-01,9.999993E-01,9.999954E-01,9.999665E-01,9.998220E-01,9.992990E-01,9.973831E-01,9.922901E-01,9.807405E-01,9.580017E-01,9.220256E-01,8.690906E-01,8.023238E-01,7.261364E-01,6.385024E-01,5.418804E-01,4.409409E-01,3.442660E-01,2.578842E-01,1.780905E-01,1.161784E-01,7.051536E-02,4.005088E-02,2.237097E-02,1.205179E-02,5.733500E-03,2.372182E-03,8.746173E-04,2.499688E-04,1.249922E-04,1.249922E-04,0.000000E+00,0.000000E+00,0.000000E+00,0.000000E+00,0.000000E+00
-122.02063,37.41544,0.00000,1.000000E+00,1.000000E+00,1.000000E+00,1.000000E+00,9.999999E-01,9.999993E-01,9.999954E-01,9.999663E-01,9.998211E-01,9.993135E-01,9.974938E-01,9.926211E-01,9.816638E-01,9.595575E-01,9.238366E-01,8.731183E-01,8.102646E-01,7.372691E-01,6.513285E-01,5.616006E-01,4.611133E-01,3.654727E-01,2.730336E-01,1.919449E-01,1.245349E-01,7.341547E-02,4.089047E-02,2.175977E-02,1.081608E-02,4.489890E-03,1.498876E-03,3.749297E-04,1.249922E-04,0.000000E+00,0.000000E+00,0.000000E+00,0.000000E+00,0.000000E+00,0.000000E+00,0.000000E+00
-122.02022,37.46041,0.00000,1.000000E+00,1.000000E+00,1.000000E+00,1.000000E+00,9.999999E-01,9.999990E-01,9.999937E-01,9.999570E-01,9.997750E-01,9.991561E-01,9.970634E-01,9.917186E-01,9.799720E-01,9.582425E-01,9.240173E-01,8.760343E-01,8.128790E-01,7.365127E-01,6.528506E-01,5.630777E-01,4.706604E-01,3.777261E-01,2.836776E-01,2.003851E-01,1.371376E-01,8.102834E-02,4.256745E-02,2.285967E-02,9.207350E-03,3.742978E-03,7.497188E-04,4.998750E-04,0.000000E+00,0.000000E+00,0.000000E+00,0.000000E+00,0.000000E+00,0.000000E+00,0.000000E+00,0.000000E+00
-122.01981,37.50537,0.00000,1.000000E+00,1.000000E+00,1.000000E+00,1.000000E+00,9.999999E-01,9.999989E-01,9.999929E-01,9.999529E-01,9.997688E-01,9.991380E-01,9.970179E-01,9.916574E-01,9.798716E-01,9.578438E-01,9.236364E-01,8.761891E-01,8.155035E-01,7.468125E-01,6.703174E-01,5.839189E-01,4.955946E-01,4.041403E-01,3.192942E-01,2.327940E-01,1.646254E-01,1.031575E-01,6.117389E-02,3.391166E-02,1.759340E-02,9.083494E-03,4.863136E-03,2.372182E-03,1.124367E-03,6.248047E-04,1.249922E-04,0.000000E+00,0.000000E+00,0.000000E+00,0.000000E+00,0.000000E+00
-122.01940,37.55034,0.00000,1.000000E+00,1.000000E+00,1.000000E+00,1.000000E+00,9.999999E-01,9.999986E-01,9.999914E-01,9.999442E-01,9.997332E-01,9.990337E-01,9.967659E-01,9.911326E-01,9.785574E-01,9.556326E-01,9.214582E-01,8.715383E-01,8.131128E-01,7.474763E-01,6.710995E-01,5.892929E-01,5.101348E-01,4.294332E-01,3.400723E-01,2.592744E-01,1.892131E-01,1.292279E-01,8.435359E-02,5.221254E-02,2.712532E-02,1.464175E-02,7.844074E-03,3.867502E-03,1.374055E-03,4.998750E-04,2.499688E-04,0.000000E+00,0.000000E+00,0.000000E+00,0.000000E+00,0.000000E+00
-122.01899,37.59531,0.00000,1.000000E+00,1.000000E+00,1.000000E+00,1.000000E+00,9.999999E-01,9.999982E-01,9.999889E-01,9.999321E-01,9.996830E-01,9.988874E-01,9.964007E-01,9.905039E-01,9.776180E-01,9.537988E-01,9.184672E-01,8.683851E-01,8.098610E-01,7.432750E-01,6.692029E-01,5.967708E-01,5.228264E-01,4.443546E-01,3.656313E-01,2.848407E-01,2.134705E-01,1.520003E-01,1.024846E-01,6.328387E-02,3.668518E-02,1.783897E-02,8.587912E-03,4.116504E-03,1.623680E-03,8.746173E-04,2.499688E-04,0.000000E+00,0.000000E+00,0.000000E+00,0.000000E+00,0.000000E+00
-122.01858,37.64027,0.00000,1.000000E+00,1.000000E+00,1.000000E+00,1.000000E+00,9.999998E-01,9.999976E-01,9.999861E-01,9.999171E-01,9.996327E-01,9.987639E-01,9.960216E-01,9.895719E-01,9.760191E-01,9.517206E-01,9.159527E-01,8.663626E-01,8.047794E-01,7.376957E-01,6.642035E-01,5.871310E-01,5.152515E-01,4.397516E-01,3.622921E-01,2.863588E-01,2.143548E-01,1.530596E-01,9.922520E-02,5.964705E-02,3.330767E-02,1.747059E-02,9.083494E-03,4.614321E-03,1.498876E-03,4.998750E-04,1.249922E-04,0.000000E+00,0.000000E+00,0.000000E+00,0.000000E+00,0.000000E+00
-122.01817,37.68524,0.00000,1.000000E+00,1.000000E+00,1.000000E+00,9.999999E-01,9.999998E-01,9.999973E-01,9.999842E-01,9.999079E-01,9.996024E-01,9.986511E-01,9.957666E-01,9.888604E-01,9.750280E-01,9.504675E-01,9.146398E-01,8.651376E-01,8.039479E-01,7.369405E-01,6.633630E-01,5.859941E-01,5.087244E-01,4.322789E-01,3.531398E-01,2.795469E-01,2.114031E-01,1.476431E-01,9.854937E-02,6.269824E-02,3.560084E-02,1.918851E-02,1.217527E-02,6.106280E-03,2.122744E-03,1.249219E-03,3.749297E-04,2.499688E-04,0.000000E+00,0.000000E+00,0.000000E+00,0.000000E+00
-122.01775,37.73020,0.00000,1.000000E+00,1.000000E+00,1.000000E+00,9.999999E-01,9.999996E-01,9.999961E-01,9.999792E-01,9.998828E-01,9.995149E-01,9.984208E-01,9.950599E-01,9.873961E-01,9.724361E-01,9.467230E-01,9.102632E-01,8.611866E-01,7.993112E-01,7.312906E-01,6.527204E-01,5.718364E-01,4.895691E-01,4.042147E-01,3.231970E-01,2.482677E-01,1.776794E-01,1.226726E-01,7.630652E-02,4.471925E-02,2.663876E-02,1.266906E-02,5.857776E-03,2.496878E-03,4.998750E-04,4.998750E-04,2.499688E-04,0.000000E+00,0.000000E+00,0.000000E+00,0.000000E+00,0.000000E+00
-122.01733,37.77517,0.00000,1.000000E+00,1.000000E+00,1.000000E+00,9.999999E-01,9.999996E-01,9.999958E-01,9.999784E-01,9.998832E-01,9.995171E-01,9.984054E-01,9.951335E-01,9.878342E-01,9.735665E-01,9.486774E-01,9.131002E-01,8.635777E-01,8.048282E-01,7.352581E-01,6.554875E-01,5.666134E-01,4.784108E-01,3.946812E-01,3.087474E-01,2.345183E-01,1.665028E-01,1.115261E-01,7.237247E-02,4.244776E-02,2.224876E-02,1.155769E-02,4.863136E-03,2.247471E-03,6.248047E-04,3.749297E-04,2.499688E-04,0.000000E+00,0.000000E+00,0.000000E+00,0.000000E+00,0.000000E+00
-122.01692,37.82014,0.00000,1.000000E+00,1.000000E+00,1.000000E+00,9.999999E-01,9.999995E-01,9.999946E-01,9.999724E-01,9.998574E-01,9.994243E-01,9.981651E-01,9.945253E-01,9.866084E-01,9.714507E-01,9.453675E-01,9.081639E-01,8.590711E-01,7.956662E-01,7.231072E-01,6.424571E-01,5.511202E-01,4.626604E-01,3.714722E-01,2.879627E-01,2.120928E-01,1.480692E-01,9.821126E-02,6.222947E-02,3.680558E-02,2.065863E-02,1.168124E-02,4.987521E-03,2.247471E-03,9.995002E-04,1.249922E-04,1.249922E-04,0.000000E+00,0.000000E+00,0.000000E+00,0.000000E+00,0.000000E+00
-122.01650,37.86510,0.00000,1.000000E+00,1.000000E+00,1.000000E+00,9.999999E-01,9.999993E-01,9.999937E-01,9.999689E-01,9.998397E-01,9.993562E-01,9.980120E-01,9.941548E-01,9.861953E-01,9.704708E-01,9.447908E-01,9.083589E-01,8.574054E-01,7.976234E-01,7.236260E-01,6.373256E-01,5.490392E-01,4.539256E-01,3.616541E-01,2.788261E-01,2.059628E-01,1.413338E-01,9.561489E-02,6.070436E-02,3.560084E-02,1.869798E-02,8.587912E-03,4.614321E-03,1.249219E-03,3.749297E-04,1.249922E-04,0.000000E+00,0.000000E+00,0.000000E+00,0.000000E+00,0.000000E+00,0.000000E+00
-122.01608,37.91007,0.00000,1.000000E+00,1.000000E+00,1.000000E+00,9.999999E-01,9.999993E-01,9.999933E-01,9.999662E-01,9.998290E-01,9.993313E-01,9.979507E-01,9.939940E-01,9.856786E-01,9.697270E-01,9.425161E-01,9.055207E-01,8.520491E-01,7.870611E-01,7.090561E-01,6.239375E-01,5.305179E-01,4.349692E-01,3.435279E-01,2.631530E-01,1.919449E-01,1.327040E-01,8.663984E-02,5.398798E-02,2.809771E-02,1.390246E-02,7.720046E-03,3.369311E-03,1.374055E-03,7.497188E-04,7.497188E-04,3.749297E-04,1.249922E-04,1.249922E-04,1.249922E-04,0.000000E+00,0.000000E+00
-122.01566,37.95503,0.00000,1.000000E+00,1.000000E+00,1.000000E+00,9.999998E-01,9.999991E-01,9.999918E-01,9.999614E-01,9.998093E-01,9.992751E-01,9.978413E-01,9.937964E-01,9.851962E-01,9.689568E-01,9.412741E-01,9.010113E-01,8.469132E-01,7.780382E-01,6.981651E-01,6.085901E-01,5.151303E-01,4.153547E-01,3.255616E-01,2.425138E-01,1.793225E-01,1.223435E-01,8.022390E-02,4.924607E-02,2.590846E-02,1.316261E-02,5.111889E-03,2.995505E-03,1.623680E-03,4.998750E-04,2.499688E-04,1.249922E-04,0.000000E+00,0.000000E+00,0.000000E+00,0.000000E+00,0.000000E+00
-122.01524,38.00000,0.00000,1.000000E+00,1.000000E+00,1.000000E+00,9.999998E-01,9.999989E-01,9.999903E-01,9.999544E-01,9.997791E-01,9.991544E-01,9.974895E-01,9.930299E-01,9.838809E-01,9.672180E-01,9.392127E-01,8.982514E-01,8.421918E-01,7.704479E-01,6.855326E-01,5.904720E-01,4.892500E-01,3.868373E-01,2.955761E-01,2.136671E-01,1.437989E-01,9.346442E-02,5.776447E-02,3.258238E-02,1.882064E-02,9.702623E-03,5.360581E-03,2.372182E-03,8.746173E-04,1.249922E-04,0.000000E+00,0.000000E+00,0.000000E+00,0.000000E+00,0.000000E+00,0.000000E+00,0.000000E+00
-121.96795,37.01075,0.00000,1.000000E+00,1.000000E+00,1.000000E+00,1.000000E+00,1.000000E+00,9.999999E-01,9.999996E-01,9.999953E-01,9.999611E-01,9.997852E-01,9.989434E-01,9.960147E-01,9.876565E-01,9.678671E-01,9.308775E-01,8.716507E-01,7.917467E-01,6.988434E-01,5.964682E-01,4.976710E-01,4.082967E-01,3.246337E-01,2.507069E-01,1.853527E-01,1.343287E-01,9.233055E-02,6.058694E-02,3.572138E-02,1.955625E-02,9.207350E-03,5.236243E-03,2.746222E-03,1.374055E-03,3.749297E-04,1.249922E-04,1.249922E-04,0.000000E+00,0.000000E+00,0.000000E+00,0.000000E+00
-121.96751,37.05571,0.00000,1.000000E+00,1.000000E+00,1.000000E+00,1.000000E+00,1.000000E+00,9.999999E-01,9.999996E-01,9.999949E-01,9.999585E-01,9.997764E-01,9.988987E-01,9.959710E-01,9.880198E-01,9.693769E-01,9.338530E-01,8.797581E-01,8.041683E-01,7.141391E-01,6.155725E-01,5.195346E-01,4.371544E-01,3.635663E-01,2.921337E-01,2.302966E-01,1.817808E-01,1.300982E-01,9.199011E-02,5.847088E-02,3.596242E-02,1.992384E-02,1.155769E-02,5.111889E-03,1.998001E-03,6.248047E-04,1.249922E-04,1.249922E-04,0.000000E+00,0.000000E+00,0.000000E+00,0.000000E+00
-121.96708,37.10068,0.00000,1.000000E+00,1.000000E+00,1.000000E+00,1.000000E+00,1.000000E+00,9.999999E-01,9.999995E-01,9.999942E-01,9.999552E-01,9.997630E-01,9.988706E-01,9.959153E-01,9.878463E-01,9.691541E-01,9.354942E-01,8.817258E-01,8.079021E-01,7.243505E-01,6.323504E-01,5.389506E-01,4.521479E-01,3.781149E-01,3.133977E-01,2.587186E-01,2.068556E-01,1.613820E-01,1.220143E-01,8.458247E-02,5.952950E-02,3.692598E-02,2.224876E-02,1.106335E-02,6.478921E-03,2.746222E-03,1.374055E-03,6.248047E-04,0.000000E+00,0.000000E+00,0.000000E+00,0.000000E+00
-121.96664,37.14565,0.00000,1.000000E+00,1.000000E+00,1.000000E+00,1.000000E+00,1.000000E+00,9.999999E-01,9.999993E-01,9.999926E-01,9.999446E-01,9.997220E-01,9.987150E-01,9.954295E-01,9.864619E-01,9.662998E-01,9.313940E-01,8.775283E-01,8.051695E-01,7.209879E-01,6.298604E-01,5.365237E-01,4.580736E-01,3.821441E-01,3.162241E-01,2.594595E-01,2.058636E-01,1.615916E-01,1.230015E-01,8.423913E-02,5.516975E-02,3.596242E-02,1.955625E-02,1.044507E-02,4.987521E-03,1.623680E-03,8.746173E-04,1.249922E-04,0.000000E+00,0.000000E+00,0.000000E+00,0.000000E+00
-121.96621,37.19061,0.00000,1.000000E+00,1.000000E+00,1.000000E+00,1.000000E+00,1.000000E+00,9.999999E-01,9.999993E-01,9.999920E-01,9.999430E-01,9.997128E-01,9.987094E-01,9.955845E-01,9.872328E-01,9.688479E-01,9.361440E-01,8.847325E-01,8.155035E-01,7.297074E-01,6.399456E-01,5.496026E-01,4.615847E-01,3.845336E-01,3.156255E-01,2.528580E-01,1.949694E-01,1.489207E-01,1.095248E-01,7.526679E-02,4.936491E-02,3.161447E-02,1.943368E-02,1.106335E-02,6.106280E-03,2.746222E-03,7.497188E-04,2.499688E-04,1.249922E-04,0.000000E+00,0.000000E+00,0.000000E+00
-121.96577,37.23558,0.00000,1.000000E+00,1.000000E+00,1.000000E+00,1.000000E+00,1.000000E+00,9.999999E-01,9.999989E-01,9.999891E-01,9.999256E-01,9.996479E-01,9.984700E-01,9.948641E-01,9.853802E-01,9.657776E-01,9.318385E-01,8.797882E-01,8.112109E-01,7.293354E-01,6.360996E-01,5.396991E-01,4.466420E-01,3.603761E-01,2.794569E-01,2.141584E-01,1.600182E-01,1.125251E-01,7.434159E-02,4.995887E-02,3.040323E-02,1.574966E-02,8.463977E-03,4.365444E-03,2.870871E-03,1.249219E-03,1.249922E-04,1.249922E-04,0.000000E+00,0.000000E+00,0.000000E+00,0.000000E+00
-121.96533,37.28054,0.00000,1.000000E+00,1.000000E+00,1.000000E+00,1.000000E+00,1.000000E+00,9.999999E-01,9.999987E-01,9.999875E-01,9.999130E-01,9.995953E-01,9.983053E-01,9.945006E-01,9.852793E-01,9.652082E-01,9.318044E-01,8.819474E-01,8.167676E-01,7.361501E-01,6.447292E-01,5.443362E-01,4.476095E-01,3.538671E-01,2.665530E-01,1.949694E-01,1.355182E-01,8.960345E-02,5.481537E-02,3.197755E-02,1.710207E-02,8.463977E-03,4.489890E-03,2.122744E-03,9.995002E-04,3.749297E-04,2.499688E-04,0.000000E+00,0.000000E+00,0.000000E+00,0.000000E+00,0.000000E+00
-121.96490,37.32551,0.00000,1.000000E+00,1.000000E+00,1.000000E+00,1.000000E+00,1.000000E+00,9.999998E-01,9.999983E-01,9.999847E-01,9.999028E-01,9.995682E-01,9.982273E-01,9.944043E-01,9.851053E-01,9.655113E-01,9.335795E-01,8.853217E-01,8.228928E-01,7.491437E-01,6.588302E-01,5.628592E-01,4.611133E-01,3.594160E-01,2.671945E-01,1.898209E-01,1.285746E-01,7.918856E-02,4.519677E-02,2.700370E-02,1.155769E-02,5.484903E-03,1.998001E-03,7.497188E-04,2.499688E-04,0.000000E+00,0.000000E+00,0.000000E+00,0.000000E+00,0.000000E+00,0.000000E+00,0.000000E+00
-121.96445,37.37048,0.00000,1.000000E+00,1.000000E+00,1.000000E+00,1.000000E+00,1.000000E+00,9.999997E-01,9.999974E-01,9.999782E-01,9.998717E-01,9.994487E-01,9.978766E-01,9.934857E-01,9.833547E-01,9.630938E-01,9.301566E-01,8.838648E-01,8.211576E-01,7.484214E-01,6.643294E-01,5.693674E-01,4.719821E-01,3.731199E-01,2.790064E-01,1.921469E-01,1.266117E-01,7.538237E-02,4.292642E-02,2.188204E-02,1.106335E-02,4.365444E-03,1.374055E-03,6.248047E-04,1.249922E-04,1.249922E-04,0.000000E+00,0.000000E+00,0.000000E+00,0.000000E+00,0.000000E+00,0.000000E+00
-121.96401,37.41544,0.00000,1.000000E+00,1.000000E+00,1.000000E+00,1.000000E+00,9.999999E-01,9.999995E-01,9.999962E-01,9.999712E-01,9.998482E-01,9.994050E-01,9.977925E-01,9.934865E-01,9.838021E-01,9.640095E-01,9.325082E-01,8.859080E-01,8.268981E-01,7.550007E-01,6.753475E-01,5.874921E-01,4.958467E-01,3.993543E-01,3.023237E-01,2.155324E-01,1.501964E-01,9.719618E-02,5.693965E-02,3.234049E-02,1.464175E-02,6.975557E-03,2.372182E-03,1.124367E-03,1.249922E-04,1.249922E-04,0.000000E+00,0.000000E+00,0.000000E+00,0.000000E+00,0.000000E+00,0.000000E+00
-121.96357,37.46041,0.00000,1.000000E+00,1.000000E+00,1.000000E+00,1.000000E+00,9.999999E-01,9.999993E-01,9.999951E-01,9.999658E-01,9.998235E-01,9.993070E-01,9.974866E-01,9.927654E-01,9.821232E-01,9.616691E-01,9.298065E-01,8.832096E-01,8.257693E-01,7.583464E-01,6.830465E-01,6.013315E-01,5.168847E-01,4.285767E-01,3.399898E-01,2.582552E-01,1.838238E-01,1.231111E-01,7.202455E-02,4.053074E-02,2.163748E-02,1.081608E-02,4.863136E-03,2.372182E-03,9.995002E-04,4.998750E-04,2.499688E-04,1.249922E-04,0.000000E+00,0.000000E+00,0.000000E+00,0.000000E+00
-121.96313,37.50537,0.00000,1.000000E+00,1.000000E+00,1.000000E+00,1.000000E+00,9.999999E-01,9.999990E-01,9.999939E-01,9.999580E-01,9.997908E-01,9.992306E-01,9.972184E-01,9.921255E-01,9.809702E-01,9.594208E-01,9.260599E-01,8.797431E-01,8.218492E-01,7.543567E-01,6.812586E-01,6.016304E-01,5.213329E-01,4.444935E-01,3.635663E-01,2.811661E-01,2.091326E-01,1.425136E-01,9.471005E-02,5.741106E-02,3.451528E-02,1.845263E-02,8.711830E-03,4.863136E-03,1.998001E-03,7.497188E-04,2.499688E-04,1.249922E-04,0.000000E+00,0.000000E+00,0.000000E+00,0.000000E+00
-121.96268,37.55034,0.00000,1.000000E+00,1.000000E+00,1.000000E+00,1.000000E+00,9.999999E-01,9.999988E-01,9.999926E-01,9.999506E-01,9.997674E-01,9.991538E-01,9.971237E-01,9.919735E-01,9.804641E-01,9.586269E-01,9.258748E-01,8.791101E-01,8.207099E-01,7.521050E-01,6.796208E-01,6.051996E-01,5.337344E-01,4.571922E-01,3.785812E-01,3.049351E-01,2.297191E-01,1.619060E-01,1.090794E-01,6.608981E-02,3.728706E-02,1.931110E-02,8.587912E-03,3.493882E-03,1.124367E-03,1.249922E-04,1.249922E-04,0.000000E+00,0.000000E+00,0.000000E+00,0.000000E+00,0.000000E+00
-121.96223,37.59531,0.00000,1.000000E+00,1.000000E+00,1.000000E+00,1.000000E+00,9.999999E-01,9.999986E-01,9.999911E-01,9.999436E-01,9.997294E-01,9.990407E-01,9.967415E-01,9.912908E-01,9.794188E-01,9.572762E-01,9.235696E-01,8.755063E-01,8.149030E-01,7.479808E-01,6.755909E-01,6.033694E-01,5.302243E-01,4.550166E-01,3.784258E-01,3.018875E-01,2.312581E-01,1.678562E-01,1.148516E-01,7.248842E-02,4.376349E-02,2.261535E-02,1.032137E-02,5.236243E-03,1.249219E-03,4.998750E-04,1.249922E-04,0.000000E+00,0.000000E+00,0.000000E+00,0.000000E+00,0.000000E+00
-121.96179,37.64027,0.00000,1.000000E+00,1.000000E+00,1.000000E+00,1.000000E+00,9.999999E-01,9.999982E-01,9.999894E-01,9.999335E-01,9.996952E-01,9.989516E-01,9.965005E-01,9.906850E-01,9.783744E-01,9.566739E-01,9.224436E-01,8.738458E-01,8.166988E-01,7.497075E-01,6.798610E-01,6.065790E-01,5.286362E-01,4.541985E-01,3.779595E-01,3.053693E-01,2.307775E-01,1.604380E-01,1.067377E-01,6.678998E-02,4.232806E-02,2.359225E-02,1.242220E-02,5.484903E-03,2.247471E-03,1.124367E-03,6.248047E-04,4.998750E-04,2.499688E-04,2.499688E-04,1.249922E-04,1.249922E-04
-121.96134,37.68524,0.00000,1.000000E+00,1.000000E+00,1.000000E+00,1.000000E+00,9.999998E-01,9.999974E-01,9.999852E-01,9.999122E-01,9.996094E-01,9.986964E-01,9.959235E-01,9.893172E-01,9.761059E-01,9.518652E-01,9.164554E-01,8.661620E-01,8.064559E-01,7.363150E-01,6.560899E-01,5.745573E-01,4.947743E-01,4.120568E-01,3.295124E-01,2.563985E-01,1.877930E-01,1.316192E-01,8.584030E-02,5.007762E-02,2.821919E-02,1.513431E-02,6.851421E-03,3.493882E-03,1.623680E-03,8.746173E-04,2.499688E-04,1.249922E-04,0.000000E+00,0.000000E+00,0.000000E+00,0.000000E+00
-121.96089,37.73020,0.00000,1.000000E+00,1.000000E+00,1.000000E+00,9.999999E-01,9.999998E-01,9.999970E-01,9.999833E-01,9.999040E-01,9.995877E-01,9.986134E-01,9.956273E-01,9.887541E-01,9.752022E-01,9.506405E-01,9.138035E-01,8.648844E-01,8.036537E-01,7.301800E-01,6.509360E-01,5.590175E-01,4.701970E-01,3.876033E-01,3.055430E-01,2.310659E-01,1.602281E-01,1.096361E-01,7.109611E-02,4.029084E-02,2.383632E-02,1.242220E-02,6.354723E-03,2.995505E-03,1.249219E-03,4.998750E-04,2.499688E-04,1.249922E-04,0.000000E+00,0.000000E+00,0.000000E+00,0.000000E+00
-121.96045,37.77517,0.00000,1.000000E+00,1.000000E+00,1.000000E+00,9.999999E-01,9.999997E-01,9.999965E-01,9.999809E-01,9.998931E-01,9.995540E-01,9.985318E-01,9.955367E-01,9.887962E-01,9.756476E-01,9.518652E-01,9.161416E-01,8.651544E-01,8.049257E-01,7.327979E-01,6.480443E-01,5.555310E-01,4.617192E-01,3.711579E-01,2.857341E-01,2.113045E-01,1.482822E-01,9.798578E-02,6.363507E-02,3.728706E-02,2.078103E-02,1.205179E-02,7.099677E-03,2.621558E-03,1.249219E-03,2.499688E-04,0.000000E+00,0.000000E+00,0.000000E+00,0.000000E+00,0.000000E+00,0.000000E+00
-121.96000,37.82014,0.00000,1.000000E+00,1.000000E+00,1.000000E+00,9.999999E-01,9.999996E-01,9.999955E-01,9.999765E-01,9.998699E-01,9.994656E-01,9.982754E-01,9.948744E-01,9.871157E-01,9.723222E-01,9.469821E-01,9.089640E-01,8.569234E-01,7.920069E-01,7.152803E-01,6.283304E-01,5.376231E-01,4.397516E-01,3.492469E-01,2.629687E-01,1.874883E-01,1.298807E-01,8.160252E-02,5.138286E-02,3.113016E-02,1.796173E-02,9.331192E-03,4.240981E-03,1.623680E-03,6.248047E-04,4.998750E-04,3.749297E-04,3.749297E-04,1.249922E-04,1.249922E-04,1.249922E-04,0.000000E+00
-121.95954,37.86510,0.00000,1.000000E+00,1.000000E+00,1.000000E+00,9.999999E-01,9.999995E-01,9.999952E-01,9.999745E-01,9.998637E-01,9.994474E-01,9.982359E-01,9.947242E-01,9.871864E-01,9.723464E-01,9.465562E-01,9.082327E-01,8.563858E-01,7.921368E-01,7.139246E-01,6.264207E-01,5.289307E-01,4.348279E-01,3.428710E-01,2.576987E-01,1.834156E-01,1.258471E-01,8.435359E-02,4.948373E-02,2.967576E-02,1.513431E-02,7.223782E-03,3.493882E-03,1.374055E-03,4.998750E-04,2.499688E-04,0.000000E+00,0.000000E+00,0.000000E+00,0.000000E+00,0.000000E+00,0.000000E+00
-121.95909,37.91007,0.00000,1.000000E+00,1.000000E+00,1.000000E+00,9.999999E-01,9.999993E-01,9.999934E-01,9.999676E-01,9.998319E-01,9.993317E-01,9.979082E-01,9.938926E-01,9.853124E-01,9.689801E-01,9.415159E-01,9.021432E-01,8.480760E-01,7.792556E-01,6.972960E-01,6.078556E-01,5.118463E-01,4.119098E-01,3.159676E-01,2.303928E-01,1.627437E-01,1.065143E-01,6.538911E-02,3.740739E-02,1.967879E-02,1.007392E-02,4.987521E-03,1.623680E-03,9.995002E-04,1.249922E-04,0.000000E+00,0.000000E+00,0.000000E+00,0.000000E+00,0.000000E+00,0.000000E+00,0.000000E+00
-121.95864,37.95503,0.00000,1.000000E+00,1.000000E+00,1.000000E+00,9.999999E-01,9.999992E-01,9.999924E-01,9.999613E-01,9.998052E-01,9.992554E-01,9.977644E-01,9.935802E-01,9.846957E-01,9.679633E-01,9.396217E-01,8.996409E-01,8.426449E-01,7.713928E-01,6.871011E-01,5.916988E-01,4.888029E-01,3.889796E-01,2.961922E-01,2.116002E-01,1.468970E-01,9.493634E-02,5.952950E-02,3.451528E-02,2.078103E-02,1.081608E-02,5.982036E-03,2.122744E-03,1.374055E-03,2.499688E-04,2.499688E-04,1.249922E-04,1.249922E-04,1.249922E-04,0.000000E+00,0.000000E+00,0.000000E+00
-121.95818,38.00000,0.00000,1.000000E+00,1.000000E+00,1.000000E+00,9.999998E-01,9.999990E-01,9.999909E-01,9.999568E-01,9.997899E-01,9.991941E-01,9.975654E-01,9.930776E-01,9.834893E-01,9.656919E-01,9.364069E-01,8.932617E-01,8.337479E-01,7.595817E-01,6.704410E-01,5.745573E-01,4.665420E-01,3.659484E-01,2.697549E-01,1.894158E-01,1.237685E-01,7.930366E-02,4.591260E-02,2.700370E-02,1.414895E-02,7.968085E-03,3.867502E-03,1.124367E-03,4.998750E-04,2.499688E-04,1.249922E-04,0.000000E+00,0.000000E+00,0.000000E+00,0.000000E+00,0.000000E+00,0.000000E+00
-121.91164,37.01075,0.00000,1.000000E+00,1.000000E+00,1.000000E+00,1.000000E+00,1.000000E+00,1.000000E+00,9.999998E-01,9.999972E-01,9.999750E-01,9.998567E-01,9.992620E-01,9.970428E-01,9.903278E-01,9.738459E-01,9.422280E-01,8.893906E-01,8.176131E-01,7.294031E-01,6.338181E-01,5.350730E-01,4.416392E-01,3.642819E-01,2.896518E-01,2.245021E-01,1.698302E-01,1.245349E-01,8.504006E-02,5.693965E-02,3.680558E-02,2.029130E-02,1.131055E-02,5.111889E-03,2.247471E-03,6.248047E-04,4.998750E-04,3.749297E-04,1.249922E-04,0.000000E+00,0.000000E+00,0.000000E+00
-121.91117,37.05571,0.00000,1.000000E+00,1.000000E+00,1.000000E+00,1.000000E+00,1.000000E+00,1.000000E+00,9.999998E-01,9.999968E-01,9.999732E-01,9.998443E-01,9.992056E-01,9.969977E-01,9.905229E-01,9.741708E-01,9.438091E-01,8.942841E-01,8.254641E-01,7.388734E-01,6.452174E-01,5.492083E-01,4.615174E-01,3.833786E-01,3.175049E-01,2.592744E-01,2.057643E-01,1.585469E-01,1.194865E-01,8.332291E-02,5.410622E-02,3.342849E-02,1.759340E-02,8.711830E-03,3.867502E-03,1.748470E-03,4.998750E-04,0.000000E+00,0.000000E+00,0.000000E+00,0.000000E+00,0.000000E+00
-121.91071,37.10068,0.00000,1.000000E+00,1.000000E+00,1.000000E+00,1.000000E+00,1.000000E+00,1.000000E+00,9.999997E-01,9.999962E-01,9.999691E-01,9.998271E-01,9.991460E-01,9.968101E-01,9.902049E-01,9.743990E-01,9.448321E-01,8.938736E-01,8.267033E-01,7.439480E-01,6.513721E-01,5.633507E-01,4.799732E-01,4.016773E-01,3.354366E-01,2.747581E-01,2.196401E-01,1.707636E-01,1.265025E-01,9.005853E-02,5.999962E-02,3.824929E-02,2.175977E-02,9.331192E-03,5.484903E-03,2.621558E-03,1.498876E-03,2.499688E-04,2.499688E-04,0.000000E+00,0.000000E+00,0.000000E+00
-121.91023,37.14565,0.00000,1.000000E+00,1.000000E+00,1.000000E+00,1.000000E+00,1.000000E+00,9.999999E-01,9.999996E-01,9.999954E-01,9.999648E-01,9.998119E-01,9.990902E-01,9.966022E-01,9.896795E-01,9.735599E-01,9.445834E-01,8.965586E-01,8.312986E-01,7.533106E-01,6.655022E-01,5.718364E-01,4.801032E-01,3.989788E-01,3.281700E-01,2.683844E-01,2.116988E-01,1.616964E-01,1.202566E-01,8.229106E-02,5.363315E-02,3.391166E-02,1.857531E-02,9.455018E-03,5.360581E-03,2.247471E-03,1.249219E-03,3.749297E-04,2.499688E-04,0.000000E+00,0.000000E+00,0.000000E+00
-121.90977,37.19061,0.00000,1.000000E+00,1.000000E+00,1.000000E+00,1.000000E+00,1.000000E+00,9.999999E-01,9.999995E-01,9.999937E-01,9.999518E-01,9.997535E-01,9.988731E-01,9.960887E-01,9.888059E-01,9.722148E-01,9.426309E-01,8.946534E-01,8.288988E-01,7.509558E-01,6.622671E-01,5.656914E-01,4.721140E-01,3.859936E-01,3.015383E-01,2.323144E-01,1.742804E-01,1.235495E-01,8.366659E-02,5.280472E-02,3.246144E-02,1.967879E-02,1.205179E-02,5.982036E-03,3.369311E-03,1.873243E-03,4.998750E-04,2.499688E-04,0.000000E+00,0.000000E+00,0.000000E+00,0.000000E+00
-121.90929,37.23558,0.00000,1.000000E+00,1.000000E+00,1.000000E+00,1.000000E+00,1.000000E+00,9.999999E-01,9.999993E-01,9.999927E-01,9.999468E-01,9.997362E-01,9.987975E-01,9.958675E-01,9.883578E-01,9.710519E-01,9.416400E-01,8.946930E-01,8.332901E-01,7.544488E-01,6.631946E-01,5.674793E-01,4.686052E-01,3.726496E-01,2.834090E-01,2.079454E-01,1.439059E-01,9.685756E-02,6.140856E-02,3.632386E-02,1.697920E-02,8.092081E-03,3.992011E-03,9.995002E-04,2.499688E-04,0.000000E+00,0.000000E+00,0.000000E+00,0.000000E+00,0.000000E+00,0.000000E+00,0.000000E+00
-121.90882,37.28054,0.00000,1.000000E+00,1.000000E+00,1.000000E+00,1.000000E+00,1.000000E+00,9.999999E-01,9.999990E-01,9.999900E-01,9.999323E-01,9.996729E-01,9.985468E-01,9.952412E-01,9.867284E-01,9.686252E-01,9.373145E-01,8.916485E-01,8.291125E-01,7.538034E-01,6.662123E-01,5.673711E-01,4.636670E-01,3.661862E-01,2.690243E-01,1.869804E-01,1.253006E-01,7.572903E-02,4.280677E-02,2.432428E-02,1.192829E-02,6.230509E-03,2.621558E-03,7.497188E-04,1.249922E-04,1.249922E-04,0.000000E+00,0.000000E+00,0.000000E+00,0.000000E+00,0.000000E+00,0.000000E+00
-121.90835,37.32551,0.00000,1.000000E+00,1.000000E+00,1.000000E+00,1.000000E+00,1.000000E+00,9.999999E-01,9.999989E-01,9.999884E-01,9.999211E-01,9.996341E-01,9.984224E-01,9.948807E-01,9.862676E-01,9.681311E-01,9.386862E-01,8.949690E-01,8.357105E-01,7.628055E-01,6.752258E-01,5.788958E-01,4.792577E-01,3.724927E-01,2.728518E-01,1.885033E-01,1.225629E-01,7.318379E-02,3.909045E-02,2.016883E-02,8.959621E-03,4.614321E-03,2.247471E-03,3.749297E-04,1.249922E-04,1.249922E-04,0.000000E+00,0.000000E+00,0.000000E+00,0.000000E+00,0.000000E+00,0.000000E+00
-121.90788,37.37048,0.00000,1.000000E+00,1.000000E+00,1.000000E+00,1.000000E+00,1.000000E+00,9.999998E-01,9.999984E-01,9.999849E-01,9.999053E-01,9.995797E-01,9.983121E-01,9.947327E-01,9.861643E-01,9.683771E-01,9.382169E-01,8.927937E-01,8.358542E-01,7.683436E-01,6.874529E-01,6.021280E-01,5.022961E-01,4.030966E-01,3.024981E-01,2.155324E-01,1.457232E-01,9.051339E-02,5.233100E-02,2.797621E-02,1.254564E-02,5.360581E-03,1.748470E-03,6.248047E-04,2.499688E-04,0.000000E+00,0.000000E+00,0.000000E+00,0.000000E+00,0.000000E+00,0.000000E+00,0.000000E+00
-121.90739,37.41544,0.00000,1.000000E+00,1.000000E+00,1.000000E+00,1.000000E+00,1.000000E+00,9.999997E-01,9.999974E-01,9.999785E-01,9.998771E-01,9.994837E-01,9.980197E-01,9.939139E-01,9.841010E-01,9.650645E-01,9.343472E-01,8.898459E-01,8.338102E-01,7.679088E-01,6.927981E-01,6.115147E-01,5.245531E-01,4.324208E-01,3.400723E-01,2.524843E-01,1.765480E-01,1.202566E-01,7.526679E-02,4.627032E-02,2.395833E-02,1.192829E-02,4.738736E-03,1.873243E-03,7.497188E-04,3.749297E-04,1.249922E-04,0.000000E+00,0.000000E+00,0.000000E+00,0.000000E+00,0.000000E+00
-121.90692,37.46041,0.00000,1.000000E+00,1.000000E+00,1.000000E+00,1.000000E+00,9.999999E-01,9.999995E-01,9.999961E-01,9.999717E-01,9.998470E-01,9.993864E-01,9.977958E-01,9.934145E-01,9.836046E-01,9.640410E-01,9.340841E-01,8.906006E-01,8.363868E-01,7.709351E-01,6.991068E-01,6.243134E-01,5.443362E-01,4.587505E-01,3.775706E-01,2.950476E-01,2.228524E-01,1.558077E-01,1.067377E-01,6.713986E-02,3.668518E-02,2.065863E-02,9.950167E-03,5.360581E-03,9.995002E-04,3.749297E-04,0.000000E+00,0.000000E+00,0.000000E+00,0.000000E+00,0.000000E+00,0.000000E+00
-121.90644,37.50537,0.00000,1.000000E+00,1.000000E+00,1.000000E+00,1.000000E+00,9.999999E-01,9.999993E-01,9.999951E-01,9.999654E-01,9.998251E-01,9.993209E-01,9.975459E-01,9.929484E-01,9.825405E-01,9.629459E-01,9.313596E-01,8.855795E-01,8.291979E-01,7.652537E-01,6.928748E-01,6.183018E-01,5.402742E-01,4.627276E-01,3.838409E-01,3.057166E-01,2.324104E-01,1.665028E-01,1.118592E-01,6.912009E-02,3.885020E-02,2.212654E-02,1.217527E-02,5.982036E-03,2.372182E-03,1.748470E-03,7.497188E-04,3.749297E-04,1.249922E-04,0.000000E+00,0.000000E+00,0.000000E+00
-121.90597,37.55034,0.00000,1.000000E+00,1.000000E+00,1.000000E+00,1.000000E+00,9.999999E-01,9.999990E-01,9.999937E-01,9.999580E-01,9.997855E-01,9.991940E-01,9.972028E-01,9.920781E-01,9.809107E-01,9.591255E-01,9.262630E-01,8.795325E-01,8.226048E-01,7.542953E-01,6.828879E-01,6.065298E-01,5.339093E-01,4.550166E-01,3.810619E-01,3.098698E-01,2.390975E-01,1.746931E-01,1.198166E-01,7.941873E-02,4.769984E-02,2.651708E-02,1.229874E-02,5.111889E-03,2.496878E-03,7.497188E-04,2.499688E-04,2.499688E-04,1.249922E-04,0.000000E+00,0.000000E+00,0.000000E+00
-121.90549,37.59531,0.00000,1.000000E+00,1.000000E+00,1.000000E+00,1.000000E+00,9.999999E-01,9.999987E-01,9.999921E-01,9.999486E-01,9.997540E-01,9.990900E-01,9.969232E-01,9.915598E-01,9.801713E-01,9.586786E-01,9.255870E-01,8.785345E-01,8.187268E-01,7.513913E-01,6.774912E-01,5.982800E-01,5.162805E-01,4.373655E-01,3.594160E-01,2.819743E-01,2.117973E-01,1.515762E-01,1.037178E-01,6.211224E-02,3.728706E-02,1.943368E-02,9.331192E-03,5.360581E-03,2.496878E-03,1.124367E-03,6.248047E-04,0.000000E+00,0.000000E+00,0.000000E+00,0.000000E+00,0.000000E+00
-121.90501,37.64027,0.00000,1.000000E+00,1.000000E+00,1.000000E+00,1.000000E+00,9.999999E-01,9.999986E-01,9.999910E-01,9.999426E-01,9.997323E-01,9.990381E-01,9.967816E-01,9.911592E-01,9.791599E-01,9.569008E-01,9.228979E-01,8.755530E-01,8.165613E-01,7.474763E-01,6.686649E-01,5.890362E-01,5.020472E-01,4.195055E-01,3.356027E-01,2.577914E-01,1.859634E-01,1.290102E-01,8.148772E-02,4.567405E-02,2.444623E-02,1.353260E-02,6.603103E-03,2.746222E-03,1.124367E-03,7.497188E-04,7.497188E-04,3.749297E-04,1.249922E-04,0.000000E+00,0.000000E+00,0.000000E+00
-121.90453,37.68524,0.00000,1.000000E+00,1.000000E+00,1.000000E+00,1.000000E+00,9.999998E-01,9.999979E-01,9.999875E-01,9.999247E-01,9.996672E-01,9.988160E-01,9.961694E-01,9.900953E-01,9.772030E-01,9.539660E-01,9.175138E-01,8.684509E-01,8.032113E-01,7.300112E-01,6.469427E-01,5.615458E-01,4.692027E-01,3.799003E-01,2.965440E-01,2.188593E-01,1.569677E-01,1.050612E-01,6.585630E-02,3.776830E-02,2.078103E-02,1.229874E-02,5.609209E-03,2.247471E-03,7.497188E-04,4.998750E-04,1.249922E-04,0.000000E+00,0.000000E+00,0.000000E+00,0.000000E+00,0.000000E+00
-121.90404,37.73020,0.00000,1.000000E+00,1.000000E+00,1.000000E+00,1.000000E+00,9.999998E-01,9.999976E-01,9.999859E-01,9.999157E-01,9.996251E-01,9.987422E-01,9.960375E-01,9.896005E-01,9.762043E-01,9.524156E-01,9.154785E-01,8.652387E-01,7.981791E-01,7.201846E-01,6.351431E-01,5.413074E-01,4.444935E-01,3.516016E-01,2.684758E-01,1.931560E-01,1.328124E-01,8.663984E-02,5.386972E-02,3.234049E-02,1.783897E-02,8.587912E-03,3.369311E-03,1.374055E-03,8.746173E-04,2.499688E-04,1.249922E-04,0.000000E+00,0.000000E+00,0.000000E+00,0.000000E+00,0.000000E+00
-121.90356,37.77517,0.00000,1.000000E+00,1.000000E+00,1.000000E+00,9.999999E-01,9.999997E-01,9.999965E-01,9.999810E-01,9.998916E-01,9.995317E-01,9.984687E-01,9.953266E-01,9.880959E-01,9.735665E-01,9.481162E-01,9.101510E-01,8.581344E-01,7.908597E-01,7.107966E-01,6.167719E-01,5.198348E-01,4.212444E-01,3.266567E-01,2.454434E-01,1.767538E-01,1.193764E-01,7.976389E-02,4.924607E-02,2.566491E-02,1.365590E-02,8.216063E-03,3.742978E-03,1.249219E-03,6.248047E-04,4.998750E-04,2.499688E-04,0.000000E+00,0.000000E+00,0.000000E+00,0.000000E+00,0.000000E+00
-121.90307,37.82014,0.00000,1.000000E+00,1.000000E+00,1.000000E+00,9.999999E-01,9.999996E-01,9.999958E-01,9.999770E-01,9.998750E-01,9.994686E-01,9.983123E-01,9.949076E-01,9.872136E-01,9.718969E-01,9.460596E-01,9.070320E-01,8.535213E-01,7.831935E-01,7.009068E-01,6.061361E-01,5.081099E-01,4.068898E-01,3.143411E-01,2.273082E-01,1.588624E-01,1.077420E-01,6.702325E-02,3.969084E-02,2.004635E-02,1.032137E-02,5.857776E-03,1.998001E-03,8.746173E-04,2.499688E-04,0.000000E+00,0.000000E+00,0.000000E+00,0.000000E+00,0.000000E+00,0.000000E+00,0.000000E+00
-121.90259,37.86510,0.00000,1.000000E+00,1.000000E+00,1.000000E+00,9.999999E-01,9.999995E-01,9.999948E-01,9.999735E-01,9.998605E-01,9.994156E-01,9.981301E-01,9.944426E-01,9.861158E-01,9.704892E-01,9.435909E-01,9.043084E-01,8.482658E-01,7.765908E-01,6.939479E-01,5.968716E-01,4.950899E-01,3.995795E-01,3.063238E-01,2.252772E-01,1.538004E-01,1.041659E-01,6.129123E-02,3.487727E-02,1.918851E-02,9.207350E-03,4.738736E-03,2.496878E-03,1.124367E-03,6.248047E-04,2.499688E-04,1.249922E-04,1.249922E-04,1.249922E-04,0.000000E+00,0.000000E+00,0.000000E+00
-121.90210,37.91007,0.00000,1.000000E+00,1.000000E+00,1.000000E+00,9.999999E-01,9.999994E-01,9.999940E-01,9.999695E-01,9.998411E-01,9.993678E-01,9.980462E-01,9.942805E-01,9.860444E-01,9.699006E-01,9.416035E-01,9.005027E-01,8.441132E-01,7.681408E-01,6.826103E-01,5.837108E-01,4.794529E-01,3.755444E-01,2.826024E-01,2.050690E-01,1.396147E-01,9.369103E-02,5.882388E-02,3.403242E-02,1.967879E-02,9.826402E-03,4.365444E-03,2.372182E-03,7.497188E-04,2.499688E-04,1.249922E-04,1.249922E-04,0.000000E+00,0.000000E+00,0.000000E+00,0.000000E+00,0.000000E+00
-121.90161,37.95503,0.00000,1.000000E+00,1.000000E+00,1.000000E+00,9.999999E-01,9.999993E-01,9.999928E-01,9.999645E-01,9.998187E-01,9.992785E-01,9.977439E-01,9.935368E-01,9.841010E-01,9.668347E-01,9.373772E-01,8.956756E-01,8.376499E-01,7.614974E-01,6.680431E-01,5.672088E-01,4.603044E-01,3.604561E-01,2.601072E-01,1.865737E-01,1.269391E-01,8.045381E-02,5.090844E-02,2.785470E-02,1.464175E-02,7.347872E-03,3.120122E-03,2.122744E-03,1.249219E-03,7.497188E-04,2.499688E-04,1.249922E-04,0.000000E+00,0.000000E+00,0.000000E+00,0.000000E+00,0.000000E+00
-121.90112,38.00000,0.00000,1.000000E+00,1.000000E+00,1.000000E+00,9.999998E-01,9.999990E-01,9.999912E-01,9.999568E-01,9.997881E-01,9.991969E-01,9.975222E-01,9.928293E-01,9.830629E-01,9.646603E-01,9.327525E-01,8.851640E-01,8.203734E-01,7.393951E-01,6.456606E-01,5.381430E-01,4.306444E-01,3.311029E-01,2.362387E-01,1.673359E-01,1.062909E-01,6.632326E-02,3.548028E-02,1.906590E-02,1.069243E-02,5.111889E-03,2.746222E-03,1.873243E-03,8.746173E-04,3.749297E-04,1.249922E-04,0.000000E+00,0.000000E+00,0.000000E+00,0.000000E+00,0.000000E+00,0.000000E+00
-121.85532,37.01075,0.00000,1.000000E+00,1.000000E+00,1.000000E+00,1.000000E+00,1.000000E+00,1.000000E+00,9.999999E-01,9.999984E-01,9.999856E-01,9.999092E-01,9.994819E-01,9.978483E-01,9.928293E-01,9.800569E-01,9.539660E-01,9.086562E-01,8.434297E-01,7.577718E-01,6.657112E-01,5.705500E-01,4.814014E-01,4.009289E-01,3.284219E-01,2.637054E-01,2.076484E-01,1.573891E-01,1.148516E-01,7.803683E-02,5.067113E-02,3.270330E-02,1.845263E-02,8.835734E-03,5.236243E-03,2.746222E-03,7.497188E-04,3.749297E-04,1.249922E-04,0.000000E+00,0.000000E+00,0.000000E+00
-121.85483,37.05571,0.00000,1.000000E+00,1.000000E+00,1.000000E+00,1.000000E+00,1.000000E+00,1.000000E+00,9.999999E-01,9.999983E-01,9.999845E-01,9.999079E-01,9.994848E-01,9.978774E-01,9.928731E-01,9.803293E-01,9.550914E-01,9.110228E-01,8.482468E-01,7.700458E-01,6.817761E-01,5.886764E-01,5.023583E-01,4.238429E-01,3.484330E-01,2.831402E-01,2.252772E-01,1.746931E-01,1.275937E-01,9.221707E-02,6.176047E-02,3.680558E-02,2.151517E-02,1.069243E-02,5.111889E-03,2.496878E-03,1.124367E-03,2.499688E-04,0.000000E+00,0.000000E+00,0.000000E+00,0.000000E+00
-121.85432,37.10068,0.00000,1.000000E+00,1.000000E+00,1.000000E+00,1.000000E+00,1.000000E+00,1.000000E+00,9.999998E-01,9.999977E-01,9.999799E-01,9.998819E-01,9.993858E-01,9.975888E-01,9.923007E-01,9.789004E-01,9.531826E-01,9.091118E-01,8.467408E-01,7.673569E-01,6.793404E-01,5.910347E-01,5.017982E-01,4.168145E-01,3.472101E-01,2.805369E-01,2.229495E-01,1.716960E-01,1.270483E-01,8.857867E-02,5.741106E-02,3.354931E-02,1.796173E-02,9.455018E-03,3.867502E-03,2.372182E-03,9.995002E-04,2.499688E-04,0.000000E+00,0.000000E+00,0.000000E+00,0.000000E+00
-121.85382,37.14565,0.00000,1.000000E+00,1.000000E+00,1.000000E+00,1.000000E+00,1.000000E+00,1.000000E+00,9.999998E-01,9.999969E-01,9.999748E-01,9.998565E-01,9.992724E-01,9.972895E-01,9.915005E-01,9.774580E-01,9.512110E-01,9.071946E-01,8.465683E-01,7.720491E-01,6.853361E-01,5.926164E-01,5.020472E-01,4.142575E-01,3.331899E-01,2.608467E-01,1.979826E-01,1.442269E-01,9.866204E-02,5.964705E-02,3.632386E-02,2.041376E-02,8.959621E-03,3.742978E-03,1.374055E-03,6.248047E-04,1.249922E-04,0.000000E+00,0.000000E+00,0.000000E+00,0.000000E+00,0.000000E+00
-121.85332,37.19061,0.00000,1.000000E+00,1.000000E+00,1.000000E+00,1.000000E+00,1.000000E+00,1.000000E+00,9.999996E-01,9.999959E-01,9.999677E-01,9.998288E-01,9.991680E-01,9.969051E-01,9.907719E-01,9.764263E-01,9.498883E-01,9.078074E-01,8.500945E-01,7.779827E-01,6.931818E-01,6.006832E-01,5.045927E-01,4.062221E-01,3.139124E-01,2.339440E-01,1.667112E-01,1.106372E-01,6.946910E-02,3.993088E-02,2.139286E-02,1.279247E-02,6.354723E-03,2.496878E-03,1.124367E-03,6.248047E-04,1.249922E-04,0.000000E+00,0.000000E+00,0.000000E+00,0.000000E+00,0.000000E+00
-121.85281,37.23558,0.00000,1.000000E+00,1.000000E+00,1.000000E+00,1.000000E+00,1.000000E+00,9.999999E-01,9.999995E-01,9.999945E-01,9.999591E-01,9.997826E-01,9.989832E-01,9.963812E-01,9.895680E-01,9.743606E-01,9.477192E-01,9.038889E-01,8.445413E-01,7.719921E-01,6.857684E-01,5.933287E-01,4.897605E-01,3.879094E-01,2.918682E-01,2.104167E-01,1.454028E-01,9.074073E-02,5.138286E-02,2.979705E-02,1.661050E-02,7.596003E-03,3.742978E-03,1.998001E-03,1.124367E-03,3.749297E-04,0.000000E+00,0.000000E+00,0.000000E+00,0.000000E+00,0.000000E+00,0.000000E+00
-121.85231,37.28054,0.00000,1.000000E+00,1.000000E+00,1.000000E+00,1.000000E+00,1.000000E+00,9.999999E-01,9.999993E-01,9.999924E-01,9.999471E-01,9.997327E-01,9.987951E-01,9.958881E-01,9.883419E-01,9.726113E-01,9.455311E-01,9.026556E-01,8.455292E-01,7.765628E-01,6.914126E-01,5.955592E-01,4.869464E-01,3.858401E-01,2.873394E-01,2.029796E-01,1.342205E-01,8.171731E-02,4.829484E-02,2.615196E-02,1.365590E-02,6.106280E-03,3.244724E-03,9.995002E-04,6.248047E-04,0.000000E+00,0.000000E+00,0.000000E+00,0.000000E+00,0.000000E+00,0.000000E+00,0.000000E+00
-121.85180,37.32551,0.00000,1.000000E+00,1.000000E+00,1.000000E+00,1.000000E+00,1.000000E+00,9.999999E-01,9.999990E-01,9.999906E-01,9.999353E-01,9.996846E-01,9.986377E-01,9.955367E-01,9.876549E-01,9.708849E-01,9.434568E-01,9.020085E-01,8.470662E-01,7.792280E-01,6.994076E-01,6.060377E-01,5.084787E-01,4.055538E-01,3.039787E-01,2.163165E-01,1.478562E-01,9.346442E-02,5.729323E-02,3.161447E-02,1.587268E-02,7.223782E-03,2.247471E-03,6.248047E-04,1.249922E-04,0.000000E+00,0.000000E+00,0.000000E+00,0.000000E+00,0.000000E+00,0.000000E+00,0.000000E+00
-121.85130,37.37048,0.00000,1.000000E+00,1.000000E+00,1.000000E+00,1.000000E+00,1.000000E+00,9.999999E-01,9.999989E-01,9.999885E-01,9.999233E-01,9.996415E-01,9.984576E-01,9.950395E-01,9.867200E-01,9.701666E-01,9.414939E-01,9.006146E-01,8.453166E-01,7.810419E-01,7.052492E-01,6.237494E-01,5.351312E-01,4.413600E-01,3.471285E-01,2.560266E-01,1.806550E-01,1.198166E-01,7.572903E-02,4.160953E-02,2.285967E-02,1.192829E-02,4.987521E-03,2.870871E-03,1.623680E-03,8.746173E-04,4.998750E-04,2.499688E-04,1.249922E-04,0.000000E+00,0.000000E+00,0.000000E+00
-121.85078,37.41544,0.00000,1.000000E+00,1.000000E+00,1.000000E+00,1.000000E+00,1.000000E+00,9.999998E-01,9.999982E-01,9.999841E-01,9.999017E-01,9.995604E-01,9.982317E-01,9.945006E-01,9.856284E-01,9.678028E-01,9.385250E-01,8.954798E-01,8.410435E-01,7.788966E-01,7.077805E-01,6.308307E-01,5.472318E-01,4.630633E-01,3.780372E-01,2.959282E-01,2.199326E-01,1.591778E-01,1.042778E-01,6.655665E-02,3.764801E-02,1.931110E-02,8.711830E-03,2.870871E-03,1.124367E-03,2.499688E-04,2.499688E-04,0.000000E+00,0.000000E+00,0.000000E+00,0.000000E+00,0.000000E+00
-121.85027,37.46041,0.00000,1.000000E+00,1.000000E+00,1.000000E+00,1.000000E+00,1.000000E+00,9.999996E-01,9.999972E-01,9.999767E-01,9.998698E-01,9.994720E-01,9.979970E-01,9.940113E-01,9.845362E-01,9.656361E-01,9.360561E-01,8.933817E-01,8.381564E-01,7.720491E-01,7.025101E-01,6.247358E-01,5.470620E-01,4.690036E-01,3.885976E-01,3.105596E-01,2.370975E-01,1.702452E-01,1.171721E-01,7.272027E-02,4.160953E-02,2.371429E-02,1.155769E-02,5.111889E-03,2.247471E-03,6.248047E-04,3.749297E-04,1.249922E-04,0.000000E+00,0.000000E+00,0.000000E+00,0.000000E+00
-121.84976,37.50537,0.00000,1.000000E+00,1.000000E+00,1.000000E+00,1.000000E+00,9.999999E-01,9.999993E-01,9.999955E-01,9.999666E-01,9.998276E-01,9.993373E-01,9.976324E-01,9.932232E-01,9.832963E-01,9.634838E-01,9.323732E-01,8.869585E-01,8.317619E-01,7.663369E-01,6.916053E-01,6.148510E-01,5.344334E-01,4.563774E-01,3.755444E-01,2.968957E-01,2.255677E-01,1.632668E-01,1.090794E-01,6.993426E-02,3.957079E-02,2.261535E-02,1.106335E-02,4.365444E-03,2.247471E-03,8.746173E-04,4.998750E-04,2.499688E-04,1.249922E-04,1.249922E-04,0.000000E+00,0.000000E+00
-121.84925,37.55034,0.00000,1.000000E+00,1.000000E+00,1.000000E+00,1.000000E+00,9.999999E-01,9.999992E-01,9.999947E-01,9.999632E-01,9.998108E-01,9.992682E-01,9.974828E-01,9.927889E-01,9.822789E-01,9.616404E-01,9.291896E-01,8.823746E-01,8.230477E-01,7.564054E-01,6.811789E-01,6.019291E-01,5.171262E-01,4.344039E-01,3.485958E-01,2.652684E-01,1.938617E-01,1.327040E-01,8.835079E-02,5.292311E-02,2.736851E-02,1.464175E-02,6.354723E-03,2.247471E-03,8.746173E-04,2.499688E-04,1.249922E-04,0.000000E+00,0.000000E+00,0.000000E+00,0.000000E+00,0.000000E+00
-121.84873,37.59531,0.00000,1.000000E+00,1.000000E+00,1.000000E+00,1.000000E+00,9.999999E-01,9.999990E-01,9.999932E-01,9.999544E-01,9.997776E-01,9.991684E-01,9.971035E-01,9.919251E-01,9.805129E-01,9.586062E-01,9.257450E-01,8.782153E-01,8.163319E-01,7.446513E-01,6.624781E-01,5.762557E-01,4.913525E-01,3.993543E-01,3.117650E-01,2.300079E-01,1.627437E-01,1.128578E-01,7.411014E-02,4.316565E-02,2.359225E-02,1.279247E-02,7.471945E-03,2.746222E-03,9.995002E-04,4.998750E-04,0.000000E+00,0.000000E+00,0.000000E+00,0.000000E+00,0.000000E+00,0.000000E+00
-121.84822,37.64027,0.00000,1.000000E+00,1.000000E+00,1.000000E+00,1.000000E+00,9.999999E-01,9.999987E-01,9.999918E-01,9.999467E-01,9.997407E-01,9.990734E-01,9.968212E-01,9.913169E-01,9.795444E-01,9.569815E-01,9.224242E-01,8.729437E-01,8.081421E-01,7.315257E-01,6.457492E-01,5.533031E-01,4.611133E-01,3.667405E-01,2.812560E-01,2.034776E-01,1.376767E-01,8.983102E-02,5.233100E-02,3.064560E-02,1.697920E-02,7.968085E-03,3.742978E-03,1.748470E-03,9.995002E-04,2.499688E-04,0.000000E+00,0.000000E+00,0.000000E+00,0.000000E+00,0.000000E+00,0.000000E+00
-121.84770,37.68524,0.00000,1.000000E+00,1.000000E+00,1.000000E+00,1.000000E+00,9.999999E-01,9.999982E-01,9.999895E-01,9.999350E-01,9.996950E-01,9.989092E-01,9.964351E-01,9.905241E-01,9.778684E-01,9.545719E-01,9.184265E-01,8.645801E-01,7.951546E-01,7.156360E-01,6.271205E-01,5.320412E-01,4.344039E-01,3.381723E-01,2.496759E-01,1.701414E-01,1.126360E-01,6.865453E-02,4.053074E-02,2.383632E-02,1.044507E-02,5.111889E-03,1.748470E-03,6.248047E-04,0.000000E+00,0.000000E+00,0.000000E+00,0.000000E+00,0.000000E+00,0.000000E+00,0.000000E+00,0.000000E+00
-121.84718,37.73020,0.00000,1.000000E+00,1.000000E+00,1.000000E+00,1.000000E+00,9.999998E-01,9.999979E-01,9.999874E-01,9.999230E-01,9.996596E-01,9.988326E-01,9.961464E-01,9.899066E-01,9.763052E-01,9.517085E-01,9.141476E-01,8.600017E-01,7.918768E-01,7.091652E-01,6.162446E-01,5.150697E-01,4.078528E-01,3.134835E-01,2.277910E-01,1.587572E-01,1.034937E-01,6.211224E-02,3.439458E-02,1.869798E-02,8.835734E-03,3.992011E-03,2.372182E-03,6.248047E-04,4.998750E-04,1.249922E-04,0.000000E+00,0.000000E+00,0.000000E+00,0.000000E+00,0.000000E+00,0.000000E+00
-121.84666,37.77517,0.00000,1.000000E+00,1.000000E+00,1.000000E+00,9.999999E-01,9.999998E-01,9.999973E-01,9.999845E-01,9.999088E-01,9.995946E-01,9.986535E-01,9.958035E-01,9.889864E-01,9.748117E-01,9.489334E-01,9.094180E-01,8.530812E-01,7.812334E-01,6.977875E-01,5.970227E-01,4.938261E-01,3.923310E-01,3.010143E-01,2.157285E-01,1.526361E-01,9.945036E-02,5.999962E-02,3.788857E-02,2.212654E-02,1.118696E-02,4.863136E-03,2.372182E-03,8.746173E-04,2.499688E-04,0.000000E+00,0.000000E+00,0.000000E+00,0.000000E+00,0.000000E+00,0.000000E+00,0.000000E+00
-121.84615,37.82014,0.00000,1.000000E+00,1.000000E+00,1.000000E+00,9.999999E-01,9.999997E-01,9.999964E-01,9.999800E-01,9.998879E-01,9.995219E-01,9.984076E-01,9.949702E-01,9.873487E-01,9.721869E-01,9.455787E-01,9.055679E-01,8.478479E-01,7.739220E-01,6.834819E-01,5.830337E-01,4.777584E-01,3.721004E-01,2.850195E-01,2.044726E-01,1.409043E-01,9.629292E-02,6.152588E-02,3.560084E-02,1.845263E-02,1.143413E-02,5.857776E-03,2.995505E-03,1.498876E-03,2.499688E-04,1.249922E-04,0.000000E+00,0.000000E+00,0.000000E+00,0.000000E+00,0.000000E+00,0.000000E+00
-121.84563,37.86510,0.00000,1.000000E+00,1.000000E+00,1.000000E+00,9.999999E-01,9.999995E-01,9.999953E-01,9.999744E-01,9.998617E-01,9.994336E-01,9.981829E-01,9.945751E-01,9.864551E-01,9.704227E-01,9.413328E-01,8.983276E-01,8.377716E-01,7.594615E-01,6.667126E-01,5.656914E-01,4.575992E-01,3.593359E-01,2.647171E-01,1.880975E-01,1.316192E-01,8.857867E-02,5.764668E-02,3.475662E-02,1.931110E-02,1.118696E-02,5.857776E-03,3.120122E-03,1.748470E-03,9.995002E-04,6.248047E-04,3.749297E-04,1.249922E-04,1.249922E-04,1.249922E-04,0.000000E+00,0.000000E+00
-121.84511,37.91007,0.00000,1.000000E+00,1.000000E+00,1.000000E+00,9.999999E-01,9.999995E-01,9.999951E-01,9.999738E-01,9.998554E-01,9.994086E-01,9.981054E-01,9.943005E-01,9.857090E-01,9.688557E-01,9.390758E-01,8.945349E-01,8.323706E-01,7.543567E-01,6.626890E-01,5.616006E-01,4.491265E-01,3.422958E-01,2.570489E-01,1.829051E-01,1.220143E-01,7.953380E-02,4.948373E-02,2.931182E-02,1.525741E-02,8.216063E-03,4.489890E-03,2.372182E-03,4.998750E-04,1.249922E-04,0.000000E+00,0.000000E+00,0.000000E+00,0.000000E+00,0.000000E+00,0.000000E+00,0.000000E+00
-121.84458,37.95503,0.00000,1.000000E+00,1.000000E+00,1.000000E+00,9.999999E-01,9.999993E-01,9.999930E-01,9.999650E-01,9.998201E-01,9.992942E-01,9.978117E-01,9.934514E-01,9.840273E-01,9.654898E-01,9.332216E-01,8.861359E-01,8.207099E-01,7.360511E-01,6.379598E-01,5.257402E-01,4.088143E-01,3.063238E-01,2.164144E-01,1.433707E-01,8.983102E-02,5.516975E-02,3.137235E-02,1.747059E-02,9.950167E-03,4.365444E-03,1.998001E-03,8.746173E-04,1.249922E-04,0.000000E+00,0.000000E+00,0.000000E+00,0.000000E+00,0.000000E+00,0.000000E+00,0.000000E+00,0.000000E+00
-121.84406,38.00000,0.00000,1.000000E+00,1.000000E+00,1.000000E+00,9.999999E-01,9.999992E-01,9.999920E-01,9.999601E-01,9.997928E-01,9.991941E-01,9.975422E-01,9.929510E-01,9.828134E-01,9.638246E-01,9.311534E-01,8.812221E-01,8.102172E-01,7.226916E-01,6.188263E-01,5.083558E-01,3.969469E-01,2.978618E-01,2.116988E-01,1.390768E-01,8.937582E-02,5.244946E-02,3.088791E-02,1.685631E-02,8.959621E-03,4.614321E-03,2.372182E-03,9.995002E-04,6.248047E-04,2.499688E-04,1.249922E-04,0.000000E+00,0.000000E+00,0.000000E+00,0.000000E+00,0.000000E+00,0.000000E+00
-121.79901,37.01075,0.00000,1.000000E+00,1.000000E+00,1.000000E+00,1.000000E+00,1.000000E+00,1.000000E+00,9.999999E-01,9.999991E-01,9.999914E-01,9.999436E-01,9.996646E-01,9.985291E-01,9.948500E-01,9.849613E-01,9.637522E-01,9.240553E-01,8.642750E-01,7.855385E-01,6.908721E-01,5.969219E-01,5.048403E-01,4.249222E-01,3.540286E-01,2.890300E-01,2.330817E-01,1.789120E-01,1.327040E-01,9.357773E-02,6.058694E-02,3.716671E-02,2.078103E-02,1.131055E-02,6.230509E-03,2.372182E-03,4.998750E-04,3.749297E-04,1.249922E-04,0.000000E+00,0.000000E+00,0.000000E+00
-121.79848,37.05571,0.00000,1.000000E+00,1.000000E+00,1.000000E+00,1.000000E+00,1.000000E+00,1.000000E+00,9.999999E-01,9.999989E-01,9.999892E-01,9.999321E-01,9.996130E-01,9.983770E-01,9.943635E-01,9.834563E-01,9.617505E-01,9.237414E-01,8.658270E-01,7.911471E-01,7.056910E-01,6.136938E-01,5.278696E-01,4.449100E-01,3.681637E-01,2.997025E-01,2.371928E-01,1.832114E-01,1.373533E-01,9.108164E-02,6.199500E-02,3.704635E-02,2.090343E-02,1.019765E-02,5.360581E-03,2.247471E-03,8.746173E-04,2.499688E-04,0.000000E+00,0.000000E+00,0.000000E+00,0.000000E+00
-121.79794,37.10068,0.00000,1.000000E+00,1.000000E+00,1.000000E+00,1.000000E+00,1.000000E+00,1.000000E+00,9.999999E-01,9.999985E-01,9.999859E-01,9.999145E-01,9.995388E-01,9.981142E-01,9.938757E-01,9.829290E-01,9.613903E-01,9.234549E-01,8.668295E-01,7.944108E-01,7.092016E-01,6.188739E-01,5.280466E-01,4.426852E-01,3.611752E-01,2.886744E-01,2.157285E-01,1.603331E-01,1.125251E-01,7.387865E-02,4.567405E-02,2.542130E-02,1.328595E-02,6.603103E-03,3.120122E-03,1.374055E-03,8.746173E-04,2.499688E-04,1.249922E-04,0.000000E+00,0.000000E+00,0.000000E+00
-121.79741,37.14565,0.00000,1.000000E+00,1.000000E+00,1.000000E+00,1.000000E+00,1.000000E+00,1.000000E+00,9.999998E-01,9.999980E-01,9.999824E-01,9.998955E-01,9.994513E-01,9.978166E-01,9.929932E-01,9.812652E-01,9.582477E-01,9.189448E-01,8.648338E-01,7.950266E-01,7.098189E-01,6.193025E-01,5.209738E-01,4.276474E-01,3.348548E-01,2.475156E-01,1.800402E-01,1.238781E-01,7.619106E-02,4.627032E-02,2.712532E-02,1.562662E-02,8.340027E-03,3.992011E-03,1.623680E-03,8.746173E-04,3.749297E-04,1.249922E-04,0.000000E+00,0.000000E+00,0.000000E+00,0.000000E+00
-121.79688,37.19061,0.00000,1.000000E+00,1.000000E+00,1.000000E+00,1.000000E+00,1.000000E+00,1.000000E+00,9.999998E-01,9.999970E-01,9.999744E-01,9.998571E-01,9.992900E-01,9.973047E-01,9.916917E-01,9.784580E-01,9.542013E-01,9.142762E-01,8.591944E-01,7.882290E-01,7.056542E-01,6.131139E-01,5.164014E-01,4.217506E-01,3.228585E-01,2.343269E-01,1.549631E-01,1.005754E-01,6.176047E-02,3.379089E-02,1.697920E-02,9.207350E-03,4.240981E-03,2.122744E-03,8.746173E-04,4.998750E-04,2.499688E-04,0.000000E+00,0.000000E+00,0.000000E+00,0.000000E+00,0.000000E+00
-121.79633,37.23558,0.00000,1.000000E+00,1.000000E+00,1.000000E+00,1.000000E+00,1.000000E+00,9.999999E-01,9.999996E-01,9.999957E-01,9.999671E-01,9.998217E-01,9.991567E-01,9.969447E-01,9.908374E-01,9.773054E-01,9.531299E-01,9.149805E-01,8.616716E-01,7.940506E-01,7.119511E-01,6.195403E-01,5.206144E-01,4.191426E-01,3.226892E-01,2.257613E-01,1.508335E-01,1.008002E-01,6.117389E-02,3.306596E-02,1.685631E-02,8.092081E-03,3.120122E-03,9.995002E-04,1.249922E-04,1.249922E-04,1.249922E-04,0.000000E+00,0.000000E+00,0.000000E+00,0.000000E+00,0.000000E+00
-121.79579,37.28054,0.00000,1.000000E+00,1.000000E+00,1.000000E+00,1.000000E+00,1.000000E+00,9.999999E-01,9.999995E-01,9.999946E-01,9.999586E-01,9.997883E-01,9.989995E-01,9.964992E-01,9.899444E-01,9.758567E-01,9.505046E-01,9.117759E-01,8.577082E-01,7.924743E-01,7.141391E-01,6.234201E-01,5.301069E-01,4.287909E-01,3.289254E-01,2.356657E-01,1.643120E-01,1.043898E-01,6.199500E-02,3.560084E-02,1.734776E-02,7.347872E-03,2.621558E-03,6.248047E-04,1.249922E-04,0.000000E+00,0.000000E+00,0.000000E+00,0.000000E+00,0.000000E+00,0.000000E+00,0.000000E+00
-121.79526,37.32551,0.00000,1.000000E+00,1.000000E+00,1.000000E+00,1.000000E+00,1.000000E+00,9.999999E-01,9.999993E-01,9.999929E-01,9.999471E-01,9.997317E-01,9.988270E-01,9.960052E-01,9.888548E-01,9.736819E-01,9.471079E-01,9.069157E-01,8.540695E-01,7.890217E-01,7.123109E-01,6.313841E-01,5.434240E-01,4.491265E-01,3.521687E-01,2.661862E-01,1.865737E-01,1.243160E-01,7.838250E-02,4.591260E-02,2.395833E-02,1.081608E-02,5.609209E-03,2.372182E-03,1.124367E-03,4.998750E-04,0.000000E+00,0.000000E+00,0.000000E+00,0.000000E+00,0.000000E+00,0.000000E+00
-121.79472,37.37048,0.00000,1.000000E+00,1.000000E+00,1.000000E+00,1.000000E+00,1.000000E+00,9.999999E-01,9.999991E-01,9.999906E-01,9.999360E-01,9.996960E-01,9.986935E-01,9.956355E-01,9.880930E-01,9.723809E-01,9.451553E-01,9.035519E-01,8.498882E-01,7.874600E-01,7.152447E-01,6.346411E-01,5.496589E-01,4.672750E-01,3.812940E-01,2.975984E-01,2.174911E-01,1.549631E-01,1.022602E-01,6.351802E-02,3.644432E-02,1.894328E-02,7.596003E-03,3.120122E-03,1.748470E-03,4.998750E-04,0.000000E+00,0.000000E+00,0.000000E+00,0.000000E+00,0.000000E+00,0.000000E+00
-121.79417,37.41544,0.00000,1.000000E+00,1.000000E+00,1.000000E+00,1.000000E+00,1.000000E+00,9.999998E-01,9.999986E-01,9.999865E-01,9.999155E-01,9.996116E-01,9.983811E-01,9.948209E-01,9.864569E-01,9.691232E-01,9.404685E-01,8.983912E-01,8.446966E-01,7.818887E-01,7.098551E-01,6.331308E-01,5.552531E-01,4.730370E-01,3.892851E-01,3.118511E-01,2.398580E-01,1.726273E-01,1.214654E-01,7.630652E-02,4.615109E-02,2.334811E-02,1.279247E-02,6.230509E-03,2.247471E-03,7.497188E-04,2.499688E-04,1.249922E-04,0.000000E+00,0.000000E+00,0.000000E+00,0.000000E+00
-121.79362,37.46041,0.00000,1.000000E+00,1.000000E+00,1.000000E+00,1.000000E+00,1.000000E+00,9.999997E-01,9.999977E-01,9.999808E-01,9.998876E-01,9.995211E-01,9.981411E-01,9.942991E-01,9.850773E-01,9.667724E-01,9.378373E-01,8.949165E-01,8.402069E-01,7.739220E-01,7.006824E-01,6.237024E-01,5.384893E-01,4.554252E-01,3.752321E-01,2.973350E-01,2.261483E-01,1.598081E-01,1.070726E-01,6.725647E-02,3.945073E-02,2.041376E-02,1.032137E-02,4.365444E-03,2.247471E-03,8.746173E-04,3.749297E-04,0.000000E+00,0.000000E+00,0.000000E+00,0.000000E+00,0.000000E+00
-121.79308,37.50537,0.00000,1.000000E+00,1.000000E+00,1.000000E+00,1.000000E+00,1.000000E+00,9.999996E-01,9.999973E-01,9.999775E-01,9.998742E-01,9.994717E-01,9.979807E-01,9.939533E-01,9.845188E-01,9.657134E-01,9.346665E-01,8.896530E-01,8.333318E-01,7.657813E-01,6.893614E-01,6.054463E-01,5.177295E-01,4.353928E-01,3.481071E-01,2.631530E-01,1.910353E-01,1.322703E-01,8.252046E-02,5.007762E-02,2.785470E-02,1.513431E-02,7.223782E-03,3.618438E-03,1.623680E-03,6.248047E-04,0.000000E+00,0.000000E+00,0.000000E+00,0.000000E+00,0.000000E+00,0.000000E+00
-121.79253,37.55034,0.00000,1.000000E+00,1.000000E+00,1.000000E+00,1.000000E+00,9.999999E-01,9.999993E-01,9.999955E-01,9.999673E-01,9.998314E-01,9.993321E-01,9.976294E-01,9.932173E-01,9.831390E-01,9.631122E-01,9.311879E-01,8.848045E-01,8.240842E-01,7.512980E-01,6.700288E-01,5.767850E-01,4.769091E-01,3.822985E-01,2.904505E-01,2.121913E-01,1.450822E-01,9.403083E-02,5.776447E-02,3.427387E-02,1.648757E-02,6.478921E-03,2.247471E-03,7.497188E-04,3.749297E-04,1.249922E-04,0.000000E+00,0.000000E+00,0.000000E+00,0.000000E+00,0.000000E+00,0.000000E+00
-121.79198,37.59531,0.00000,1.000000E+00,1.000000E+00,1.000000E+00,1.000000E+00,9.999999E-01,9.999991E-01,9.999942E-01,9.999602E-01,9.998008E-01,9.992440E-01,9.973198E-01,9.925199E-01,9.814308E-01,9.602442E-01,9.267132E-01,8.765445E-01,8.124341E-01,7.331317E-01,6.457492E-01,5.475712E-01,4.475404E-01,3.534631E-01,2.583479E-01,1.793225E-01,1.149623E-01,7.214054E-02,4.017087E-02,2.114817E-02,1.106335E-02,5.111889E-03,2.496878E-03,9.995002E-04,1.249922E-04,1.249922E-04,0.000000E+00,0.000000E+00,0.000000E+00,0.000000E+00,0.000000E+00,0.000000E+00
-121.79144,37.64027,0.00000,1.000000E+00,1.000000E+00,1.000000E+00,1.000000E+00,9.999999E-01,9.999989E-01,9.999927E-01,9.999500E-01,9.997541E-01,9.991049E-01,9.969633E-01,9.915587E-01,9.798187E-01,9.573136E-01,9.218207E-01,8.694664E-01,8.016555E-01,7.181485E-01,6.233259E-01,5.192943E-01,4.185615E-01,3.163095E-01,2.262450E-01,1.536946E-01,9.617995E-02,5.741106E-02,3.234049E-02,1.390246E-02,6.478921E-03,3.369311E-03,1.124367E-03,4.998750E-04,0.000000E+00,0.000000E+00,0.000000E+00,0.000000E+00,0.000000E+00,0.000000E+00,0.000000E+00,0.000000E+00
-121.79089,37.68524,0.00000,1.000000E+00,1.000000E+00,1.000000E+00,1.000000E+00,9.999999E-01,9.999984E-01,9.999900E-01,9.999364E-01,9.997006E-01,9.989102E-01,9.963266E-01,9.901250E-01,9.768527E-01,9.516783E-01,9.129589E-01,8.562062E-01,7.816432E-01,6.965383E-01,5.963169E-01,4.908436E-01,3.846106E-01,2.892965E-01,2.045720E-01,1.376767E-01,8.584030E-02,4.936491E-02,2.870495E-02,1.451857E-02,5.733500E-03,2.372182E-03,6.248047E-04,2.499688E-04,2.499688E-04,0.000000E+00,0.000000E+00,0.000000E+00,0.000000E+00,0.000000E+00,0.000000E+00,0.000000E+00
-121.79033,37.73020,0.00000,1.000000E+00,1.000000E+00,1.000000E+00,1.000000E+00,9.999998E-01,9.999980E-01,9.999883E-01,9.999274E-01,9.996620E-01,9.988316E-01,9.962265E-01,9.900020E-01,9.764352E-01,9.512110E-01,9.101959E-01,8.522155E-01,7.776494E-01,6.899433E-01,5.881619E-01,4.803631E-01,3.775706E-01,2.847513E-01,2.023816E-01,1.372454E-01,8.869259E-02,5.173853E-02,2.979705E-02,1.488806E-02,7.720046E-03,3.244724E-03,1.124367E-03,2.499688E-04,0.000000E+00,0.000000E+00,0.000000E+00,0.000000E+00,0.000000E+00,0.000000E+00,0.000000E+00,0.000000E+00
-121.78978,37.77517,0.00000,1.000000E+00,1.000000E+00,1.000000E+00,1.000000E+00,9.999998E-01,9.999974E-01,9.999850E-01,9.999127E-01,9.995970E-01,9.986080E-01,9.954868E-01,9.882011E-01,9.731737E-01,9.449217E-01,9.033588E-01,8.417968E-01,7.630426E-01,6.677110E-01,5.608876E-01,4.533109E-01,3.503035E-01,2.629687E-01,1.898209E-01,1.310763E-01,8.698229E-02,5.339653E-02,3.161447E-02,1.808448E-02,8.463977E-03,3.618438E-03,1.873243E-03,1.124367E-03,7.497188E-04,2.499688E-04,1.249922E-04,1.249922E-04,0.000000E+00,0.000000E+00,0.000000E+00,0.000000E+00
-121.78922,37.82014,0.00000,1.000000E+00,1.000000E+00,1.000000E+00,9.999999E-01,9.999997E-01,9.999964E-01,9.999800E-01,9.998860E-01,9.995085E-01,9.983424E-01,9.947995E-01,9.869014E-01,9.705150E-01,9.412448E-01,8.949690E-01,8.305589E-01,7.452888E-01,6.478683E-01,5.430814E-01,4.344039E-01,3.350211E-01,2.448773E-01,1.752088E-01,1.198166E-01,7.941873E-02,4.877058E-02,3.016081E-02,1.857531E-02,1.155769E-02,5.484903E-03,1.998001E-03,1.124367E-03,4.998750E-04,3.749297E-04,1.249922E-04,0.000000E+00,0.000000E+00,0.000000E+00,0.000000E+00,0.000000E+00
-121.78867,37.86510,0.00000,1.000000E+00,1.000000E+00,1.000000E+00,9.999999E-01,9.999996E-01,9.999957E-01,9.999766E-01,9.998683E-01,9.994494E-01,9.982044E-01,9.944078E-01,9.859393E-01,9.694381E-01,9.393418E-01,8.925790E-01,8.253769E-01,7.382852E-01,6.388637E-01,5.301069E-01,4.207378E-01,3.202295E-01,2.305852E-01,1.626390E-01,1.099699E-01,7.214054E-02,4.448040E-02,2.882636E-02,1.734776E-02,8.463977E-03,4.240981E-03,1.873243E-03,3.749297E-04,3.749297E-04,3.749297E-04,2.499688E-04,1.249922E-04,0.000000E+00,0.000000E+00,0.000000E+00,0.000000E+00
-121.78812,37.91007,0.00000,1.000000E+00,1.000000E+00,1.000000E+00,9.999999E-01,9.999995E-01,9.999945E-01,9.999707E-01,9.998428E-01,9.993497E-01,9.979124E-01,9.937419E-01,9.844645E-01,9.658374E-01,9.338281E-01,8.846461E-01,8.158952E-01,7.296060E-01,6.269341E-01,5.124561E-01,4.017521E-01,3.042397E-01,2.170019E-01,1.481757E-01,9.516259E-02,5.964705E-02,3.656475E-02,2.237097E-02,1.155769E-02,5.733500E-03,2.870871E-03,1.374055E-03,4.998750E-04,0.000000E+00,0.000000E+00,0.000000E+00,0.000000E+00,0.000000E+00,0.000000E+00,0.000000E+00,0.000000E+00
-121.78755,37.95503,0.00000,1.000000E+00,1.000000E+00,1.000000E+00,9.999999E-01,9.999994E-01,9.999937E-01,9.999676E-01,9.998291E-01,9.993123E-01,9.978275E-01,9.934954E-01,9.839070E-01,9.647926E-01,9.311276E-01,8.804924E-01,8.066252E-01,7.142463E-01,6.123394E-01,4.940159E-01,3.805975E-01,2.765689E-01,1.896184E-01,1.228919E-01,7.561350E-02,4.805689E-02,2.749008E-02,1.402571E-02,7.968085E-03,3.742978E-03,1.498876E-03,4.998750E-04,2.499688E-04,1.249922E-04,0.000000E+00,0.000000E+00,0.000000E+00,0.000000E+00,0.000000E+00,0.000000E+00,0.000000E+00
-121.78699,38.00000,0.00000,1.000000E+00,1.000000E+00,1.000000E+00,9.999999E-01,9.999992E-01,9.999920E-01,9.999602E-01,9.997890E-01,9.991715E-01,9.974201E-01,9.924276E-01,9.817621E-01,9.608361E-01,9.239603E-01,8.680556E-01,7.932510E-01,7.017654E-01,5.907790E-01,4.729712E-01,3.546742E-01,2.545372E-01,1.738674E-01,1.128578E-01,7.005051E-02,4.136991E-02,2.359225E-02,1.414895E-02,6.230509E-03,2.621558E-03,1.374055E-03,7.497188E-04,3.749297E-04,1.249922E-04,1.249922E-04,1.249922E-04,0.000000E+00,0.000000E+00,0.000000E+00,0.000000E+00,0.000000E+00
-121.74271,37.01075,0.00000,1.000000E+00,1.000000E+00,1.000000E+00,1.000000E+00,1.000000E+00,1.000000E+00,1.000000E+00,9.999995E-01,9.999953E-01,9.999675E-01,9.997974E-01,9.990534E-01,9.964586E-01,9.887217E-01,9.717984E-01,9.391063E-01,8.879853E-01,8.189080E-01,7.342303E-01,6.396754E-01,5.462120E-01,4.614500E-01,3.810619E-01,3.088338E-01,2.464802E-01,1.918439E-01,1.380000E-01,9.629292E-02,6.410314E-02,3.885020E-02,2.456817E-02,1.353260E-02,7.596003E-03,3.618438E-03,1.623680E-03,7.497188E-04,0.000000E+00,0.000000E+00,0.000000E+00,0.000000E+00
-121.74213,37.05571,0.00000,1.000000E+00,1.000000E+00,1.000000E+00,1.000000E+00,1.000000E+00,1.000000E+00,9.999999E-01,9.999993E-01,9.999934E-01,9.999560E-01,9.997328E-01,9.988040E-01,9.957251E-01,9.872790E-01,9.690498E-01,9.353004E-01,8.825509E-01,8.137658E-01,7.304833E-01,6.420547E-01,5.477409E-01,4.607764E-01,3.764024E-01,3.008395E-01,2.318344E-01,1.707636E-01,1.235495E-01,8.309370E-02,5.327820E-02,3.028203E-02,1.771619E-02,1.106335E-02,4.489890E-03,1.873243E-03,1.374055E-03,4.998750E-04,0.000000E+00,0.000000E+00,0.000000E+00,0.000000E+00
-121.74157,37.10068,0.00000,1.000000E+00,1.000000E+00,1.000000E+00,1.000000E+00,1.000000E+00,1.000000E+00,9.999999E-01,9.999990E-01,9.999908E-01,9.999406E-01,9.996629E-01,9.985884E-01,9.950784E-01,9.856517E-01,9.667059E-01,9.322885E-01,8.800883E-01,8.104069E-01,7.270591E-01,6.360086E-01,5.398718E-01,4.446324E-01,3.538671E-01,2.714871E-01,1.997851E-01,1.392920E-01,9.062707E-02,5.811774E-02,3.246144E-02,1.661050E-02,8.092081E-03,3.618438E-03,1.623680E-03,6.248047E-04,0.000000E+00,0.000000E+00,0.000000E+00,0.000000E+00,0.000000E+00,0.000000E+00
-121.74100,37.14565,0.00000,1.000000E+00,1.000000E+00,1.000000E+00,1.000000E+00,1.000000E+00,1.000000E+00,9.999999E-01,9.999985E-01,9.999857E-01,9.999125E-01,9.995261E-01,9.980978E-01,9.938235E-01,9.830163E-01,9.620411E-01,9.262722E-01,8.747884E-01,8.066494E-01,7.242126E-01,6.312919E-01,5.283415E-01,4.303596E-01,3.349380E-01,2.448773E-01,1.723170E-01,1.110817E-01,6.328387E-02,3.644432E-02,1.980133E-02,1.007392E-02,4.614321E-03,2.372182E-03,7.497188E-04,1.249922E-04,1.249922E-04,1.249922E-04,1.249922E-04,0.000000E+00,0.000000E+00,0.000000E+00
-121.74043,37.19061,0.00000,1.000000E+00,1.000000E+00,1.000000E+00,1.000000E+00,1.000000E+00,1.000000E+00,9.999998E-01,9.999976E-01,9.999796E-01,9.998822E-01,9.993932E-01,9.977155E-01,9.927182E-01,9.804323E-01,9.576325E-01,9.202912E-01,8.678576E-01,8.008357E-01,7.183951E-01,6.265607E-01,5.299894E-01,4.278620E-01,3.296800E-01,2.417560E-01,1.657732E-01,1.043898E-01,6.258107E-02,3.620340E-02,1.820721E-02,9.455018E-03,3.742978E-03,1.623680E-03,6.248047E-04,3.749297E-04,1.249922E-04,0.000000E+00,0.000000E+00,0.000000E+00,0.000000E+00,0.000000E+00
-121.73985,37.23558,0.00000,1.000000E+00,1.000000E+00,1.000000E+00,1.000000E+00,1.000000E+00,1.000000E+00,9.999998E-01,9.999967E-01,9.999737E-01,9.998558E-01,9.992831E-01,9.973782E-01,9.917887E-01,9.788978E-01,9.550633E-01,9.168513E-01,8.639354E-01,7.989346E-01,7.220322E-01,6.372350E-01,5.454739E-01,4.498146E-01,3.574913E-01,2.716692E-01,1.929543E-01,1.304244E-01,8.412465E-02,4.853274E-02,2.566491E-02,1.143413E-02,5.360581E-03,1.998001E-03,9.995002E-04,3.749297E-04,2.499688E-04,0.000000E+00,0.000000E+00,0.000000E+00,0.000000E+00,0.000000E+00
-121.73928,37.28054,0.00000,1.000000E+00,1.000000E+00,1.000000E+00,1.000000E+00,1.000000E+00,1.000000E+00,9.999996E-01,9.999959E-01,9.999675E-01,9.998273E-01,9.991676E-01,9.970227E-01,9.910569E-01,9.778296E-01,9.537584E-01,9.157107E-01,8.631678E-01,7.985321E-01,7.253135E-01,6.439735E-01,5.533589E-01,4.613154E-01,3.707647E-01,2.883186E-01,2.145512E-01,1.446547E-01,9.005853E-02,5.693965E-02,3.185654E-02,1.525741E-02,7.471945E-03,3.867502E-03,2.122744E-03,9.995002E-04,2.499688E-04,1.249922E-04,0.000000E+00,0.000000E+00,0.000000E+00,0.000000E+00
-121.73871,37.32551,0.00000,1.000000E+00,1.000000E+00,1.000000E+00,1.000000E+00,1.000000E+00,9.999999E-01,9.999995E-01,9.999937E-01,9.999539E-01,9.997703E-01,9.989445E-01,9.963512E-01,9.894077E-01,9.741094E-01,9.482781E-01,9.092820E-01,8.563858E-01,7.912515E-01,7.168773E-01,6.359176E-01,5.506149E-01,4.644039E-01,3.780372E-01,2.995274E-01,2.216858E-01,1.562297E-01,1.027090E-01,6.550593E-02,3.608292E-02,2.004635E-02,9.950167E-03,4.987521E-03,1.748470E-03,6.248047E-04,3.749297E-04,1.249922E-04,0.000000E+00,0.000000E+00,0.000000E+00,0.000000E+00
-121.73813,37.37048,0.00000,1.000000E+00,1.000000E+00,1.000000E+00,1.000000E+00,1.000000E+00,9.999999E-01,9.999992E-01,9.999911E-01,9.999376E-01,9.996952E-01,9.986629E-01,9.955149E-01,9.877150E-01,9.713435E-01,9.435768E-01,9.018369E-01,8.496065E-01,7.820523E-01,7.090925E-01,6.298141E-01,5.429100E-01,4.559695E-01,3.694262E-01,2.900956E-01,2.211019E-01,1.577050E-01,1.057322E-01,6.562274E-02,3.752771E-02,2.016883E-02,1.131055E-02,4.738736E-03,2.247471E-03,1.124367E-03,6.248047E-04,3.749297E-04,0.000000E+00,0.000000E+00,0.000000E+00,0.000000E+00
-121.73756,37.41544,0.00000,1.000000E+00,1.000000E+00,1.000000E+00,1.000000E+00,1.000000E+00,9.999999E-01,9.999989E-01,9.999893E-01,9.999273E-01,9.996538E-01,9.985331E-01,9.952233E-01,9.872487E-01,9.702113E-01,9.425089E-01,9.009742E-01,8.464532E-01,7.812608E-01,7.084373E-01,6.261871E-01,5.447916E-01,4.592915E-01,3.771036E-01,2.956642E-01,2.230467E-01,1.607528E-01,1.069610E-01,6.690662E-02,3.969084E-02,2.078103E-02,1.093972E-02,5.111889E-03,2.372182E-03,9.995002E-04,1.249922E-04,1.249922E-04,0.000000E+00,0.000000E+00,0.000000E+00,0.000000E+00
-121.73698,37.46041,0.00000,1.000000E+00,1.000000E+00,1.000000E+00,1.000000E+00,1.000000E+00,9.999998E-01,9.999983E-01,9.999847E-01,9.999053E-01,9.995800E-01,9.982945E-01,9.945913E-01,9.859990E-01,9.682900E-01,9.390606E-01,8.950871E-01,8.372638E-01,7.690952E-01,6.881553E-01,6.047552E-01,5.156754E-01,4.284338E-01,3.416378E-01,2.535115E-01,1.847415E-01,1.268300E-01,8.045381E-02,4.912722E-02,2.627368E-02,1.242220E-02,6.106280E-03,2.122744E-03,8.746173E-04,1.249922E-04,0.000000E+00,0.000000E+00,0.000000E+00,0.000000E+00,0.000000E+00,0.000000E+00
-121.73640,37.50537,0.00000,1.000000E+00,1.000000E+00,1.000000E+00,1.000000E+00,1.000000E+00,9.999997E-01,9.999976E-01,9.999797E-01,9.998801E-01,9.994913E-01,9.980095E-01,9.939940E-01,9.843709E-01,9.646117E-01,9.327693E-01,8.860790E-01,8.272440E-01,7.530637E-01,6.686234E-01,5.746636E-01,4.776278E-01,3.830702E-01,2.892965E-01,2.108114E-01,1.435848E-01,9.119525E-02,5.351485E-02,2.979705E-02,1.439538E-02,6.975557E-03,2.621558E-03,1.498876E-03,7.497188E-04,2.499688E-04,0.000000E+00,0.000000E+00,0.000000E+00,0.000000E+00,0.000000E+00,0.000000E+00
-121.73582,37.55034,0.00000,1.000000E+00,1.000000E+00,1.000000E+00,1.000000E+00,9.999999E-01,9.999995E-01,9.999959E-01,9.999704E-01,9.998439E-01,9.993849E-01,9.977999E-01,9.934759E-01,9.832566E-01,9.623953E-01,9.293311E-01,8.803728E-01,8.134395E-01,7.321625E-01,6.389540E-01,5.387200E-01,4.339795E-01,3.315208E-01,2.390975E-01,1.591778E-01,1.009126E-01,5.823547E-02,3.282420E-02,1.574966E-02,7.844074E-03,3.493882E-03,1.498876E-03,4.998750E-04,3.749297E-04,0.000000E+00,0.000000E+00,0.000000E+00,0.000000E+00,0.000000E+00,0.000000E+00,0.000000E+00
-121.73523,37.59531,0.00000,1.000000E+00,1.000000E+00,1.000000E+00,1.000000E+00,9.999999E-01,9.999992E-01,9.999948E-01,9.999631E-01,9.998105E-01,9.992686E-01,9.973817E-01,9.924484E-01,9.814957E-01,9.597039E-01,9.256057E-01,8.720992E-01,7.998374E-01,7.144962E-01,6.104449E-01,5.048403E-01,3.948325E-01,2.916026E-01,2.044726E-01,1.353020E-01,8.412465E-02,4.817587E-02,2.603022E-02,1.242220E-02,6.975557E-03,2.995505E-03,6.248047E-04,2.499688E-04,1.249922E-04,0.000000E+00,0.000000E+00,0.000000E+00,0.000000E+00,0.000000E+00,0.000000E+00,0.000000E+00
-121.73465,37.64027,0.00000,1.000000E+00,1.000000E+00,1.000000E+00,1.000000E+00,9.999999E-01,9.999990E-01,9.999935E-01,9.999567E-01,9.997888E-01,9.991943E-01,9.971880E-01,9.921491E-01,9.804029E-01,9.572228E-01,9.191472E-01,8.639013E-01,7.905719E-01,7.005701E-01,5.994333E-01,4.896967E-01,3.813713E-01,2.836776E-01,1.981831E-01,1.296632E-01,8.229106E-02,4.591260E-02,2.359225E-02,1.316261E-02,6.975557E-03,3.120122E-03,1.374055E-03,6.248047E-04,2.499688E-04,0.000000E+00,0.000000E+00,0.000000E+00,0.000000E+00,0.000000E+00,0.000000E+00,0.000000E+00
-121.73406,37.68524,0.00000,1.000000E+00,1.000000E+00,1.000000E+00,1.000000E+00,9.999999E-01,9.999985E-01,9.999903E-01,9.999385E-01,9.997070E-01,9.989430E-01,9.964181E-01,9.901951E-01,9.764999E-01,9.508007E-01,9.107443E-01,8.508980E-01,7.706773E-01,6.748602E-01,5.702278E-01,4.623917E-01,3.610154E-01,2.669197E-01,1.880975E-01,1.262841E-01,7.711440E-02,4.638953E-02,2.603022E-02,1.402571E-02,7.471945E-03,3.493882E-03,1.873243E-03,4.998750E-04,0.000000E+00,0.000000E+00,0.000000E+00,0.000000E+00,0.000000E+00,0.000000E+00,0.000000E+00,0.000000E+00
-121.73347,37.73020,0.00000,1.000000E+00,1.000000E+00,1.000000E+00,1.000000E+00,9.999999E-01,9.999982E-01,9.999886E-01,9.999295E-01,9.996784E-01,9.988474E-01,9.961743E-01,9.894170E-01,9.751805E-01,9.479929E-01,9.057802E-01,8.432926E-01,7.628352E-01,6.631946E-01,5.581346E-01,4.483685E-01,3.438560E-01,2.505195E-01,1.753119E-01,1.203666E-01,7.964885E-02,4.805689E-02,3.040323E-02,1.906590E-02,1.131055E-02,4.738736E-03,2.122744E-03,1.124367E-03,2.499688E-04,1.249922E-04,0.000000E+00,0.000000E+00,0.000000E+00,0.000000E+00,0.000000E+00,0.000000E+00
-121.73289,37.77517,0.00000,1.000000E+00,1.000000E+00,1.000000E+00,1.000000E+00,9.999998E-01,9.999978E-01,9.999866E-01,9.999177E-01,9.996322E-01,9.986997E-01,9.958281E-01,9.888757E-01,9.740446E-01,9.466296E-01,9.026799E-01,8.388428E-01,7.538342E-01,6.549703E-01,5.462120E-01,4.414298E-01,3.397422E-01,2.467627E-01,1.731442E-01,1.242066E-01,8.584030E-02,5.516975E-02,3.427387E-02,2.175977E-02,1.279247E-02,5.733500E-03,3.493882E-03,1.374055E-03,3.749297E-04,2.499688E-04,1.249922E-04,0.000000E+00,0.000000E+00,0.000000E+00,0.000000E+00,0.000000E+00
-121.73230,37.82014,0.00000,1.000000E+00,1.000000E+00,1.000000E+00,9.999999E-01,9.999998E-01,9.999970E-01,9.999833E-01,9.999013E-01,9.995663E-01,9.985052E-01,9.952334E-01,9.874527E-01,9.706988E-01,9.402822E-01,8.928205E-01,8.250272E-01,7.372034E-01,6.322585E-01,5.210935E-01,4.101429E-01,3.116790E-01,2.227553E-01,1.543291E-01,1.051731E-01,6.842167E-02,4.304604E-02,2.773317E-02,1.414895E-02,7.471945E-03,2.995505E-03,1.498876E-03,7.497188E-04,4.998750E-04,1.249922E-04,0.000000E+00,0.000000E+00,0.000000E+00,0.000000E+00,0.000000E+00,0.000000E+00
-121.73171,37.86510,0.00000,1.000000E+00,1.000000E+00,1.000000E+00,9.999999E-01,9.999996E-01,9.999956E-01,9.999759E-01,9.998642E-01,9.994118E-01,9.980928E-01,9.940842E-01,9.849217E-01,9.663419E-01,9.320002E-01,8.817258E-01,8.110693E-01,7.155648E-01,6.063823E-01,4.884193E-01,3.728064E-01,2.746674E-01,1.913386E-01,1.293367E-01,8.778083E-02,5.446086E-02,3.463595E-02,2.016883E-02,1.118696E-02,5.733500E-03,2.746222E-03,1.124367E-03,3.749297E-04,0.000000E+00,0.000000E+00,0.000000E+00,0.000000E+00,0.000000E+00,0.000000E+00,0.000000E+00,0.000000E+00
-121.73112,37.91007,0.00000,1.000000E+00,1.000000E+00,1.000000E+00,9.999999E-01,9.999995E-01,9.999949E-01,9.999734E-01,9.998512E-01,9.993691E-01,9.979004E-01,9.935851E-01,9.838870E-01,9.647574E-01,9.298854E-01,8.763129E-01,8.013330E-01,7.053229E-01,5.932270E-01,4.700645E-01,3.511963E-01,2.534181E-01,1.767538E-01,1.145196E-01,7.272027E-02,4.304604E-02,2.481199E-02,1.303924E-02,7.223782E-03,3.244724E-03,1.498876E-03,8.746173E-04,3.749297E-04,1.249922E-04,0.000000E+00,0.000000E+00,0.000000E+00,0.000000E+00,0.000000E+00,0.000000E+00,0.000000E+00
-121.73053,37.95503,0.00000,1.000000E+00,1.000000E+00,1.000000E+00,9.999999E-01,9.999994E-01,9.999938E-01,9.999676E-01,9.998254E-01,9.992737E-01,9.976920E-01,9.929844E-01,9.825012E-01,9.623765E-01,9.251860E-01,8.713777E-01,7.897851E-01,6.877652E-01,5.710865E-01,4.487132E-01,3.340229E-01,2.351878E-01,1.535888E-01,9.301104E-02,5.764668E-02,3.173551E-02,1.832993E-02,9.950167E-03,4.987521E-03,2.122744E-03,1.124367E-03,4.998750E-04,0.000000E+00,0.000000E+00,0.000000E+00,0.000000E+00,0.000000E+00,0.000000E+00,0.000000E+00,0.000000E+00,0.000000E+00
-121.72993,38.00000,0.00000,1.000000E+00,1.000000E+00,1.000000E+00,9.999999E-01,9.999992E-01,9.999923E-01,9.999602E-01,9.997909E-01,9.991560E-01,9.973726E-01,9.923036E-01,9.810249E-01,9.591306E-01,9.209263E-01,8.634241E-01,7.807407E-01,6.756720E-01,5.593480E-01,4.334132E-01,3.181019E-01,2.222693E-01,1.496651E-01,9.301104E-02,5.446086E-02,2.919048E-02,1.427217E-02,8.216063E-03,4.116504E-03,1.998001E-03,6.248047E-04,1.249922E-04,1.249922E-04,1.249922E-04,1.249922E-04,1.249922E-04,0.000000E+00,0.000000E+00,0.000000E+00,0.000000E+00,0.000000E+00
